2021-01-12 17:50:46 | number: 1 fold
epoch train_loss vali_loss test_loss train_acc vali_acc test_acc test_auc test_f1 test_recall test_precision train_time test_time
0 0.7442455955847042 0.48495860245284134 0.5108864307403564 0.761811 0.8228347 0.800000011920929 0.7481818181818182 0.125 0.06666666666666667 1.0 374987 171868 
1 0.443444146650044 0.5905063720200006 0.6088159680366516 0.7972441 0.68503934 0.6642857193946838 0.8036363636363637 0.5154639175257731 0.8333333333333334 0.373134328358209 171869 484373 
2 0.36185076140512634 0.6009048500398951 0.6486260890960693 0.84940946 0.6692913 0.6357142925262451 0.7721212121212122 0.49504950495049505 0.8333333333333334 0.352112676056338 156238 484374 
3 0.30698718635116035 0.958269784300346 1.0258253812789917 0.8651575 0.4488189 0.4714285731315613 0.7793939393939394 0.44776119402985076 1.0 0.28846153846153844 93742 500009 
4 0.31175132799805616 0.980865595378275 1.0307295322418213 0.8730315 0.4488189 0.4571428596973419 0.7303030303030302 0.4411764705882353 1.0 0.2830188679245283 93755 484368 
5 0.2598678713708412 0.5994072012075289 0.6088926196098328 0.8996063 0.72047246 0.6499999761581421 0.6466666666666667 0.32876712328767127 0.4 0.27906976744186046 156240 499996 
6 0.26606740151333996 1.1020280756349639 1.1354433298110962 0.8956693 0.46850392 0.44999998807907104 0.6599999999999999 0.40310077519379856 0.8666666666666667 0.26262626262626265 124992 499997 
7 0.23598335507347828 2.031053306549553 2.0238726139068604 0.90649605 0.2480315 0.3214285671710968 0.707878787878788 0.3870967741935484 1.0 0.24 109366 453122 
8 0.245900937539386 1.0025177152138056 1.0402500629425049 0.90059054 0.5590551 0.5428571701049805 0.6618181818181817 0.4074074074074074 0.7333333333333333 0.28205128205128205 93743 499997 
9 0.32718188931622844 0.6865175582292512 0.7049462199211121 0.8690945 0.63779527 0.6142857074737549 0.6815151515151515 0.4130434782608696 0.6333333333333333 0.3064516129032258 156244 484375 
10 0.21651896763974288 2.632591219398919 2.658968210220337 0.90452754 0.2519685 0.2571428716182709 0.7172727272727273 0.36585365853658536 1.0 0.22388059701492538 156223 468749 
11 0.20231621636180427 2.028488411678104 2.058516502380371 0.91043305 0.32677165 0.3857142925262451 0.6984848484848485 0.4109589041095891 1.0 0.25862068965517243 31240 500001 
12 0.1802932417064201 1.9988128603912714 1.9484965801239014 0.93307084 0.26377952 0.2928571403026581 0.7118181818181818 0.37735849056603776 1.0 0.23255813953488372 93755 484360 
13 0.18298601810857068 1.1186135364329721 1.0805788040161133 0.9173228 0.496063 0.5071428418159485 0.6433333333333333 0.4102564102564103 0.8 0.27586206896551724 140613 499997 
14 0.18100737733399774 2.507234800518967 2.402174711227417 0.92027557 0.22834645 0.25 0.6793939393939394 0.3636363636363636 1.0 0.2222222222222222 93743 499997 
15 0.1995872187567508 2.468786433925779 2.3789660930633545 0.9212598 0.24015749 0.30000001192092896 0.6475757575757576 0.379746835443038 1.0 0.234375 171865 468748 
16 0.1978630823647882 0.7386799243491465 0.7027087807655334 0.9192913 0.6417323 0.6071428656578064 0.5657575757575757 0.32098765432098764 0.43333333333333335 0.2549019607843137 140633 468735 
17 0.247444132885595 1.499335161344273 1.43997061252594 0.8976378 0.33464566 0.3642857074737549 0.6518181818181819 0.3862068965517242 0.9333333333333333 0.24347826086956523 31256 515625 
18 0.17839565333418958 4.56103793842586 4.413605690002441 0.9261811 0.21653543 0.24285714328289032 0.6821212121212121 0.36144578313253006 1.0 0.22058823529411764 78100 484373 
19 0.188806600516706 2.897501256522231 2.864546060562134 0.9232283 0.26771653 0.3214285671710968 0.6896969696969697 0.3870967741935484 1.0 0.24 124989 484372 
2021-01-12 17:52:34 | number: 2 fold
epoch train_loss vali_loss test_loss train_acc vali_acc test_acc test_auc test_f1 test_recall test_precision train_time test_time
0 0.597589899705151 0.47102793910371976 0.49574923515319824 0.753937 0.8070866 0.7857142686843872 0.6927272727272727 0.0 0.0 0.0 156231 562494 
1 0.3760334201685087 0.9560420541312751 1.0158013105392456 0.8405512 0.2952756 0.30000001192092896 0.8066666666666668 0.379746835443038 1.0 0.234375 968757 484371 
2 0.3397780252019251 0.7368617846271185 0.8330433368682861 0.85334647 0.56692916 0.550000011920929 0.7657575757575759 0.47058823529411764 0.9333333333333333 0.3146067415730337 968743 484372 
3 0.3092977237983013 0.9525993227020023 1.0429275035858154 0.863189 0.4448819 0.41428571939468384 0.7918181818181818 0.4225352112676056 1.0 0.26785714285714285 906245 499995 
4 0.2900366627090559 1.6464215366859136 1.868161916732788 0.8730315 0.4015748 0.3571428656578064 0.8136363636363636 0.4 1.0 0.25 984370 515623 
5 0.23972071073656007 1.2305615689810805 1.3246898651123047 0.890748 0.35826772 0.37857142090797424 0.763030303030303 0.4081632653061224 1.0 0.2564102564102564 15614 468727 
6 0.235652012266512 0.9219362566790242 0.9796382188796997 0.886811 0.503937 0.5142857432365417 0.8096969696969697 0.46874999999999994 1.0 0.30612244897959184 968758 484386 
7 0.23140981593939264 2.1365930433348406 2.2505648136138916 0.89665353 0.28346458 0.2571428716182709 0.8193939393939393 0.36585365853658536 1.0 0.22388059701492538 937491 468745 
8 0.181321170034371 2.0350081038287304 2.1784026622772217 0.9261811 0.2874016 0.27142858505249023 0.8348484848484848 0.37037037037037035 1.0 0.22727272727272727 921880 484374 
9 0.25107089917021475 1.017554255921071 1.0955092906951904 0.88188976 0.43307087 0.44999998807907104 0.8087878787878788 0.437956204379562 1.0 0.2803738317757009 15617 468748 
10 0.21518718269396955 2.42464233383419 2.6032803058624268 0.9114173 0.22047244 0.22142857313156128 0.8275757575757575 0.35502958579881655 1.0 0.2158273381294964 78129 484393 
11 0.21160581807686588 0.7562150927040521 0.7261256575584412 0.9094488 0.63385826 0.6357142925262451 0.760909090909091 0.42696629213483145 0.6333333333333333 0.3220338983050847 31241 468747 
12 0.2542861888375808 1.7147605644436332 1.9205758571624756 0.8937008 0.34251967 0.3285714387893677 0.813939393939394 0.38961038961038963 1.0 0.24193548387096775 953116 468749 
13 0.21624610267990219 0.7928028618256877 0.7754148244857788 0.9153543 0.5866142 0.5928571224212646 0.7575757575757576 0.48648648648648646 0.9 0.3333333333333333 31241 484356 
14 0.1976831947841982 0.9569671182181891 0.9675066471099854 0.9261811 0.5551181 0.5714285969734192 0.7693939393939394 0.4915254237288136 0.9666666666666667 0.32954545454545453 46867 484373 
15 0.1643984115381879 1.7509840717465859 1.8438854217529297 0.93700784 0.38976377 0.3928571343421936 0.7393939393939394 0.41379310344827586 1.0 0.2608695652173913 15602 499999 
16 0.20706586621877715 1.1282562805911687 1.142595887184143 0.9055118 0.47244096 0.5071428418159485 0.73 0.45669291338582674 0.9666666666666667 0.29896907216494845 15617 484379 
17 0.1383824002907032 1.4782456835423867 1.4819011688232422 0.93996066 0.4488189 0.5 0.7539393939393939 0.4615384615384615 1.0 0.3 15601 468746 
18 0.14453503158031486 0.8375313497903779 0.6820923686027527 0.9507874 0.72834647 0.7357142567634583 0.6978787878787879 0.27450980392156865 0.23333333333333334 0.3333333333333333 937478 468748 
19 0.259634022872279 0.933496154199435 0.9455845355987549 0.8917323 0.515748 0.5357142686843872 0.7730303030303031 0.47154471544715443 0.9666666666666667 0.3118279569892473 921865 484369 
2021-01-12 18:01:21 | number: 1 fold
epoch train_loss vali_loss test_loss train_acc vali_acc test_acc test_auc test_f1 test_recall test_precision train_time test_time
0 0.4967566660539372 0.5144663525847938 0.4706326127052307 0.79133856 0.7637795 0.7857142686843872 0.7584848484848485 0.0 0.0 0.0 421846 78119 
1 0.42579972814387224 0.5001949348787623 0.44538143277168274 0.8070866 0.7677165 0.7857142686843872 0.8024242424242425 0.0 0.0 0.0 78112 468750 
2 0.3979226045721159 0.45152821339021515 0.4073118567466736 0.82086617 0.7677165 0.8071428537368774 0.8378787878787879 0.2702702702702703 0.16666666666666666 0.7142857142857143 78116 468747 
3 0.36131263976022016 0.4518889796546125 0.42725440859794617 0.83759844 0.81889766 0.8071428537368774 0.8542424242424242 0.49056603773584906 0.43333333333333335 0.5652173913043478 31242 437501 
4 0.35055546521201847 0.4407043388978703 0.40280309319496155 0.859252 0.7992126 0.8071428537368774 0.8409090909090909 0.42553191489361697 0.3333333333333333 0.5882352941176471 15614 453126 
5 0.32486547705695384 0.45673216891101026 0.4431716799736023 0.859252 0.78740156 0.8142856955528259 0.8593939393939394 0.6285714285714286 0.7333333333333333 0.55 78097 453125 
6 0.31827025197622344 0.4410953237785129 0.39660245180130005 0.8651575 0.7992126 0.8142856955528259 0.8354545454545454 0.43478260869565216 0.3333333333333333 0.625 46873 453122 
7 0.31718426051102283 0.4466119922521546 0.3969762623310089 0.86417323 0.78346455 0.8214285969734192 0.8278787878787879 0.4444444444444444 0.3333333333333333 0.6666666666666666 62493 468750 
8 0.30953847071317236 0.4678425981303838 0.458245187997818 0.86417323 0.7637795 0.7857142686843872 0.85 0.605263157894737 0.7666666666666667 0.5 31239 453108 
9 0.2946824644963572 0.4462654618766364 0.41933706402778625 0.87007874 0.79527557 0.800000011920929 0.8454545454545455 0.5483870967741935 0.5666666666666667 0.53125 62505 453125 
10 0.29127340793140294 0.495479033453258 0.4952840507030487 0.875 0.71653545 0.75 0.8533333333333334 0.5882352941176471 0.8333333333333334 0.45454545454545453 31242 437499 
11 0.2764093014668292 0.46125664626519514 0.437014639377594 0.88582677 0.78740156 0.7857142686843872 0.836969696969697 0.5588235294117647 0.6333333333333333 0.5 78118 484373 
12 0.27703751400699766 0.4556681527866153 0.41460615396499634 0.8917323 0.77165353 0.7785714268684387 0.8318181818181818 0.47457627118644075 0.4666666666666667 0.4827586206896552 31244 437498 
13 0.2634606849490188 0.5335670770622614 0.5441200733184814 0.8976378 0.7007874 0.7142857313156128 0.8496969696969696 0.5555555555555556 0.8333333333333334 0.4166666666666667 62491 453141 
14 0.27985140106340095 0.5045106903774532 0.5028331279754639 0.886811 0.71653545 0.7285714149475098 0.8451515151515151 0.5476190476190477 0.7666666666666667 0.42592592592592593 78101 453106 
15 0.2720033681298804 0.47628536444949354 0.4532833993434906 0.890748 0.77952754 0.7357142567634583 0.8366666666666667 0.5194805194805194 0.6666666666666666 0.425531914893617 62508 453124 
16 0.25990984219265734 0.5267634628795264 0.5304920077323914 0.8887795 0.70472443 0.699999988079071 0.8393939393939394 0.5227272727272728 0.7666666666666667 0.39655172413793105 78125 468746 
17 0.26432657898880363 0.5302867997349716 0.5331618189811707 0.8937008 0.7007874 0.6857143044471741 0.833030303030303 0.5 0.7333333333333333 0.3793103448275862 78118 453121 
18 0.2476816097582419 0.5425823882339508 0.5457997918128967 0.90452754 0.70472443 0.6714285612106323 0.8333333333333334 0.4888888888888889 0.7333333333333333 0.36666666666666664 46866 468747 
19 0.23182926086459574 0.511875867608964 0.5025402307510376 0.91240156 0.7362205 0.7142857313156128 0.8263636363636363 0.5 0.6666666666666666 0.4 46868 453121 
20 0.25549970860556354 0.4957240826970949 0.4693739712238312 0.8887795 0.7519685 0.7428571581840515 0.8218181818181818 0.5263157894736841 0.6666666666666666 0.43478260869565216 124977 453124 
21 0.2412618972419754 0.5472415943784038 0.5521758794784546 0.90059054 0.70472443 0.6714285612106323 0.8263636363636364 0.4888888888888889 0.7333333333333333 0.36666666666666664 93739 453121 
22 0.2298434587914174 0.5086674410996475 0.48624342679977417 0.9094488 0.7480315 0.7285714149475098 0.8187878787878788 0.5128205128205129 0.6666666666666666 0.4166666666666667 62477 468756 
23 0.23553675090468776 0.4990313937814217 0.44907960295677185 0.9055118 0.7322835 0.7357142567634583 0.8057575757575758 0.463768115942029 0.5333333333333333 0.41025641025641024 78133 484372 
24 0.22530676600501293 0.6054756162673469 0.6270560622215271 0.9153543 0.68110234 0.6642857193946838 0.8227272727272728 0.5252525252525253 0.8666666666666667 0.37681159420289856 109368 453123 
25 0.2316917056643118 0.6265426616030415 0.6559374332427979 0.9055118 0.6653543 0.6571428775787354 0.8172727272727273 0.5294117647058825 0.9 0.375 109351 437497 
26 0.22195506107619428 0.5516417770404515 0.5457053184509277 0.9133858 0.71259844 0.6714285612106323 0.8087878787878788 0.46511627906976744 0.6666666666666666 0.35714285714285715 93734 468764 
27 0.21749911850362313 0.6331323380545368 0.6601827144622803 0.91240156 0.6574803 0.6428571343421936 0.8115151515151515 0.5192307692307692 0.9 0.36486486486486486 46863 453126 
28 0.23892419356999434 0.5508321854542559 0.5413110256195068 0.90059054 0.72047246 0.6785714030265808 0.8081818181818181 0.4705882352941177 0.6666666666666666 0.36363636363636365 46866 437494 
29 0.2112896342681149 0.6501172804456996 0.6856687068939209 0.90649605 0.6574803 0.6214285492897034 0.8115151515151515 0.49523809523809526 0.8666666666666667 0.3466666666666667 62490 468748 
30 0.21871251360637936 0.6040875184254384 0.6160854697227478 0.90059054 0.6771653 0.6499999761581421 0.8060606060606061 0.4842105263157895 0.7666666666666667 0.35384615384615387 109351 453124 
31 0.21903344190965487 0.5330099479889306 0.48396050930023193 0.9153543 0.72834647 0.7214285731315613 0.7866666666666666 0.48 0.6 0.4 124976 468748 
32 0.20770391610663708 0.5339983014140542 0.4774415194988251 0.9153543 0.72047246 0.7285714149475098 0.7851515151515152 0.4571428571428572 0.5333333333333333 0.4 140616 468750 
33 0.20682820349227726 0.6485152009903915 0.6719949245452881 0.9192913 0.6653543 0.6142857074737549 0.8024242424242425 0.47058823529411764 0.8 0.3333333333333333 140614 468756 
34 0.2135763618889756 0.7333916589969726 0.7840361595153809 0.9173228 0.6062992 0.6000000238418579 0.806060606060606 0.5 0.9333333333333333 0.34146341463414637 62474 468749 
35 0.19542402557031377 0.5735910147663177 0.55842125415802 0.9340551 0.70866144 0.6785714030265808 0.7890909090909092 0.4705882352941177 0.6666666666666666 0.36363636363636365 124991 468748 
36 0.21346790290723636 0.6748344438282523 0.7022120356559753 0.90846455 0.6535433 0.6285714507102966 0.8033333333333333 0.5000000000000001 0.8666666666666667 0.35135135135135137 78115 453121 
37 0.21336531498300748 0.5461676989014693 0.49793925881385803 0.91437006 0.72440946 0.7214285731315613 0.7839393939393939 0.49350649350649345 0.6333333333333333 0.40425531914893614 78105 484371 
38 0.21024964685280492 0.6525147134863486 0.6703060865402222 0.9133858 0.6574803 0.6285714507102966 0.7996969696969697 0.48000000000000004 0.8 0.34285714285714286 46862 484361 
39 0.2067892483369572 0.7859165522995897 0.8451859354972839 0.91240156 0.5984252 0.5928571224212646 0.8018181818181819 0.49557522123893805 0.9333333333333333 0.3373493975903614 109381 484360 
2021-01-12 18:04:17 | number: 2 fold
epoch train_loss vali_loss test_loss train_acc vali_acc test_acc test_auc test_f1 test_recall test_precision train_time test_time
0 0.4838812975432929 0.4594339223827903 0.4534251093864441 0.7942913 0.78740156 0.7928571701049805 0.7666666666666667 0.06451612903225806 0.03333333333333333 1.0 828105 468758 
1 0.42903252028104827 0.4538458362808378 0.4628375470638275 0.8139764 0.81889766 0.8071428537368774 0.8309090909090909 0.44897959183673464 0.36666666666666664 0.5789473684210527 953115 468752 
2 0.38226766614463387 0.43626991688735844 0.4469342827796936 0.8218504 0.8307087 0.8142856955528259 0.8284848484848485 0.48 0.4 0.6 999975 453126 
3 0.3592854056536682 0.4223889661586191 0.4304603934288025 0.84350395 0.81889766 0.8142856955528259 0.8196969696969697 0.45833333333333326 0.36666666666666664 0.6111111111111112 953118 468763 
4 0.3290693845570557 0.4282560599601175 0.4489506185054779 0.8602362 0.8228347 0.8285714387893677 0.823939393939394 0.5862068965517241 0.5666666666666667 0.6071428571428571 890617 437500 
5 0.32924121759069247 0.4316582459164417 0.45451265573501587 0.8523622 0.81889766 0.7928571701049805 0.8251515151515152 0.5538461538461538 0.6 0.5142857142857142 15615 437502 
6 0.31818412514183464 0.4375867184222214 0.4664669632911682 0.863189 0.78346455 0.7642857432365417 0.8193939393939395 0.547945205479452 0.6666666666666666 0.46511627906976744 15618 437498 
7 0.30229192561521306 0.5440851374873965 0.6138020753860474 0.87795275 0.7007874 0.6642857193946838 0.8342424242424242 0.5154639175257731 0.8333333333333334 0.373134328358209 968744 453123 
8 0.29484192381693625 0.5289869594761706 0.596668541431427 0.8809055 0.71653545 0.6785714030265808 0.8236363636363636 0.5161290322580645 0.8 0.38095238095238093 15620 437498 
9 0.2825714382599658 0.5639786415212736 0.6414389610290527 0.88385826 0.68110234 0.6357142925262451 0.8215151515151515 0.5142857142857143 0.9 0.36 968744 484374 
10 0.2676704561147164 0.597762559342572 0.6833934783935547 0.89468503 0.6732283 0.6142857074737549 0.8221212121212123 0.5090909090909091 0.9333333333333333 0.35 796870 453123 
11 0.2715175344249395 0.4380276710029662 0.45000988245010376 0.8917323 0.81496066 0.7571428418159485 0.7996969696969697 0.45161290322580644 0.4666666666666667 0.4375 734369 437501 
12 0.2744334621692267 0.46448963904005336 0.49738895893096924 0.890748 0.7559055 0.7214285731315613 0.8063636363636364 0.5301204819277109 0.7333333333333333 0.41509433962264153 828114 453123 
13 0.27585508997046104 0.634931955750533 0.7286394238471985 0.88188976 0.6496063 0.5785714387893677 0.8266666666666667 0.49572649572649563 0.9666666666666667 0.3333333333333333 968756 484373 
14 0.258992521898953 0.4655828816214884 0.4982852339744568 0.8956693 0.7598425 0.7214285731315613 0.7921212121212121 0.5063291139240507 0.6666666666666666 0.40816326530612246 968743 453123 
15 0.270081299261784 0.478491272513322 0.5145282745361328 0.88188976 0.7559055 0.7071428298950195 0.79 0.4938271604938271 0.6666666666666666 0.39215686274509803 828119 484373 
16 0.24026394512240343 0.5110319270862369 0.5677111744880676 0.9173228 0.72440946 0.6928571462631226 0.7875757575757576 0.5168539325842697 0.7666666666666667 0.3898305084745763 874994 453125 
17 0.24261989133564507 0.6202450910891135 0.7127198576927185 0.8996063 0.6535433 0.5857142806053162 0.8030303030303031 0.5 0.9666666666666667 0.3372093023255814 859366 468748 
18 0.24893819311941703 0.5083661703612861 0.5584033131599426 0.90059054 0.72047246 0.699999988079071 0.7909090909090909 0.5227272727272728 0.7666666666666667 0.39655172413793105 984368 437499 
19 0.24631201434792496 0.5617906737515307 0.6313511729240417 0.8937008 0.6968504 0.6642857193946838 0.79 0.5154639175257731 0.8333333333333334 0.373134328358209 874993 468746 
20 0.2355059516711498 0.7539686415139146 0.8747669458389282 0.9035433 0.5748032 0.5357142686843872 0.8024242424242424 0.47154471544715443 0.9666666666666667 0.3118279569892473 937494 468752 
21 0.23302603847398531 0.7533544607049837 0.8760673403739929 0.9015748 0.57086617 0.5357142686843872 0.8042424242424242 0.47154471544715443 0.9666666666666667 0.3118279569892473 953113 437498 
22 0.23744135355855536 0.6654633738863187 0.7709124088287354 0.8996063 0.62204725 0.5928571224212646 0.8012121212121213 0.5043478260869566 0.9666666666666667 0.3411764705882353 859368 437498 
23 0.22761621097410759 0.659663746676107 0.7622584700584412 0.9114173 0.61811024 0.5857142806053162 0.7978787878787879 0.4912280701754386 0.9333333333333333 0.3333333333333333 921867 453123 
24 0.23317447433790822 0.6398418090474887 0.7356365919113159 0.91240156 0.63779527 0.5857142806053162 0.7930303030303031 0.4821428571428572 0.9 0.32926829268292684 921884 437504 
25 0.23480165966852443 0.6512648463249207 0.7440445423126221 0.90255904 0.63385826 0.5857142806053162 0.7884848484848485 0.4821428571428572 0.9 0.32926829268292684 953116 453124 
26 0.2353172635468911 0.8531541397252421 0.9901630878448486 0.9094488 0.515748 0.48571428656578064 0.8087878787878788 0.45454545454545453 1.0 0.29411764705882354 828119 453120 
27 0.21338276494675734 0.7078161056586137 0.8132006525993347 0.90846455 0.6023622 0.5642856955528259 0.7906060606060605 0.4873949579831933 0.9666666666666667 0.3258426966292135 874994 453123 
28 0.21675428495867047 0.5868880035370354 0.6582605242729187 0.91830707 0.6653543 0.6285714507102966 0.7790909090909091 0.5000000000000001 0.8666666666666667 0.35135135135135137 937508 453122 
29 0.21926150746702208 0.659071354884801 0.7552607655525208 0.91240156 0.63385826 0.5785714387893677 0.7796969696969697 0.4778761061946903 0.9 0.3253012048192771 937494 468751 
30 0.21271042173772348 0.8466473343804126 0.9896109700202942 0.92027557 0.53543305 0.5214285850524902 0.7912121212121213 0.47244094488188976 1.0 0.30927835051546393 953116 468747 
31 0.2259588121898531 0.9143346778051121 1.0710207223892212 0.9055118 0.5 0.4571428596973419 0.8006060606060607 0.4411764705882353 1.0 0.2830188679245283 984367 468748 
32 0.20908590071783292 0.9444226035921592 1.1035655736923218 0.9133858 0.492126 0.44285714626312256 0.7987878787878788 0.4347826086956522 1.0 0.2777777777777778 984369 468748 
33 0.20960866184685173 0.7025857802451126 0.8098723292350769 0.9232283 0.61417323 0.5642856955528259 0.7851515151515152 0.4695652173913043 0.9 0.3176470588235294 31242 468748 
34 0.21067426365426206 0.6954451118867229 0.7978861331939697 0.9251968 0.62598425 0.5642856955528259 0.7775757575757576 0.4695652173913043 0.9 0.3176470588235294 921869 484373 
35 0.20323914195608905 0.8099217926423381 0.9331334829330444 0.9153543 0.5472441 0.5285714268684387 0.7793939393939394 0.467741935483871 0.9666666666666667 0.30851063829787234 890631 468749 
36 0.21785777279241816 1.0034237574404619 1.1561694145202637 0.90846455 0.47244096 0.4357142746448517 0.7875757575757576 0.4316546762589928 1.0 0.27522935779816515 984368 453123 
37 0.2018688738815428 0.7369946438496507 0.8451715111732483 0.9232283 0.5984252 0.5571428537368774 0.7754545454545454 0.47457627118644075 0.9333333333333333 0.3181818181818182 999993 484373 
38 0.2102691512994879 0.8151161135650995 0.93792724609375 0.9094488 0.5472441 0.5428571701049805 0.7775757575757576 0.4754098360655738 0.9666666666666667 0.31521739130434784 890618 468748 
39 0.20761954268132607 0.8837822412881325 1.0160622596740723 0.9232283 0.503937 0.5142857432365417 0.7781818181818182 0.46031746031746024 0.9666666666666667 0.3020833333333333 874993 468749 
2021-01-12 18:07:08 | number: 3 fold
epoch train_loss vali_loss test_loss train_acc vali_acc test_acc test_auc test_f1 test_recall test_precision train_time test_time
0 0.5294979270987623 0.48529781694487323 0.5036675930023193 0.7805118 0.79133856 0.7857142686843872 0.6281818181818183 0.0 0.0 0.0 874978 546868 
1 0.450903700561974 0.5578690129002248 0.5706750154495239 0.7982283 0.7559055 0.7642857432365417 0.7772727272727273 0.5217391304347826 0.6 0.46153846153846156 937494 484371 
2 0.41626356577310036 0.5430124200235201 0.5546510815620422 0.8031496 0.7440945 0.7571428418159485 0.7875757575757576 0.5142857142857143 0.6 0.45 953118 468747 
3 0.37962295455256784 0.4740378530476037 0.47955748438835144 0.83169293 0.79527557 0.800000011920929 0.7684848484848485 0.36363636363636365 0.26666666666666666 0.5714285714285714 828119 484373 
4 0.35542270635056683 0.49783320290835825 0.5019270777702332 0.83366144 0.79133856 0.7785714268684387 0.7963636363636363 0.507936507936508 0.5333333333333333 0.48484848484848486 921879 484373 
5 0.3409455500719116 0.6042662511660358 0.6133279800415039 0.84744096 0.6732283 0.6499999761581421 0.8145454545454546 0.514851485148515 0.8666666666666667 0.36619718309859156 921868 468752 
6 0.331292270088759 0.4589210499928692 0.456971675157547 0.8582677 0.77952754 0.7785714268684387 0.7784848484848486 0.3404255319148936 0.26666666666666666 0.47058823529411764 890618 453120 
7 0.33522100570633656 0.448773141451708 0.4432598352432251 0.859252 0.7992126 0.7928571701049805 0.7651515151515151 0.29268292682926833 0.2 0.5454545454545454 843743 468748 
8 0.31674733007048056 0.6459995414328388 0.6536341309547424 0.8562992 0.6456693 0.6428571343421936 0.8133333333333334 0.537037037037037 0.9666666666666667 0.3717948717948718 953116 453123 
9 0.2986307229817383 0.6539068949504161 0.660629391670227 0.87795275 0.63385826 0.6357142925262451 0.8127272727272727 0.5233644859813085 0.9333333333333333 0.36363636363636365 906243 453123 
10 0.2838803616565044 0.5181904805926826 0.5132155418395996 0.878937 0.71259844 0.6857143044471741 0.7806060606060606 0.4358974358974359 0.5666666666666667 0.3541666666666667 968742 453123 
11 0.277213809997078 0.5143254716095962 0.5106664896011353 0.8927165 0.72440946 0.6642857193946838 0.7627272727272727 0.37333333333333335 0.4666666666666667 0.3111111111111111 859368 437498 
12 0.27572240334326825 0.7174667195072324 0.7306926250457764 0.88385826 0.5590551 0.5928571224212646 0.7781818181818182 0.5043478260869566 0.9666666666666667 0.3411764705882353 15620 484376 
13 0.273516727948752 0.6477517035063796 0.6591208577156067 0.88582677 0.6653543 0.6285714507102966 0.7603030303030303 0.5094339622641509 0.9 0.35526315789473684 921883 468748 
14 0.25227659893786814 0.6929585530063299 0.7092453837394714 0.8976378 0.6023622 0.6000000238418579 0.7581818181818182 0.5 0.9333333333333333 0.34146341463414637 15621 468743 
15 0.25581120341781555 0.7596188661620373 0.7814267873764038 0.8956693 0.53149605 0.550000011920929 0.756969696969697 0.47933884297520657 0.9666666666666667 0.31868131868131866 968744 468749 
16 0.25538552112466706 0.571013692795761 0.577931821346283 0.89665353 0.68110234 0.6214285492897034 0.7333333333333334 0.34567901234567905 0.4666666666666667 0.27450980392156865 921868 765623 
17 0.2592987415828104 0.669432382883988 0.6854668259620667 0.8887795 0.6456693 0.6285714507102966 0.7363636363636363 0.49019607843137253 0.8333333333333334 0.3472222222222222 984385 499985 
18 0.2590801223056523 0.6101293906452149 0.6194576025009155 0.890748 0.6692913 0.6428571343421936 0.7245454545454546 0.4444444444444444 0.6666666666666666 0.3333333333333333 890632 468749 
19 0.26689325918362833 0.6896591402414277 0.7086430788040161 0.87992126 0.62204725 0.6071428656578064 0.7278787878787879 0.47619047619047616 0.8333333333333334 0.3333333333333333 875015 468748 
20 0.2499708248170342 0.6890181964776647 0.7071264982223511 0.90649605 0.61811024 0.6142857074737549 0.7163636363636363 0.47058823529411764 0.8 0.3333333333333333 843745 468748 
21 0.25072669771712597 0.6892881308953593 0.7065726518630981 0.8917323 0.61811024 0.6071428656578064 0.7075757575757575 0.4554455445544555 0.7666666666666667 0.323943661971831 890620 453120 
22 0.23132968805437013 0.6751954419406381 0.6912102699279785 0.91043305 0.62204725 0.6214285492897034 0.7042424242424242 0.45360824742268047 0.7333333333333333 0.3283582089552239 906242 484374 
23 0.24713159804269086 0.5996693473631941 0.61066734790802 0.8887795 0.6535433 0.6071428656578064 0.6903030303030303 0.3373493975903614 0.4666666666666667 0.2641509433962264 890617 468752 
24 0.2220326873261159 0.7488089537057351 0.7706308364868164 0.91043305 0.5866142 0.5857142806053162 0.713030303030303 0.4727272727272728 0.8666666666666667 0.325 937490 468748 
25 0.22344316929344119 0.7608128879952618 0.7841284871101379 0.91240156 0.5787402 0.5785714387893677 0.7087878787878787 0.4684684684684684 0.8666666666666667 0.32098765432098764 984369 484373 
26 0.21371662734061714 0.751716838577601 0.775928795337677 0.9114173 0.5866142 0.5857142806053162 0.6996969696969697 0.462962962962963 0.8333333333333334 0.32051282051282054 999995 484373 
27 0.22313682957897035 0.7236870668065829 0.7484742999076843 0.90649605 0.6102362 0.5928571224212646 0.686969696969697 0.43564356435643564 0.7333333333333333 0.30985915492957744 828118 468751 
28 0.21365373106453361 0.8394178091071722 0.8739990592002869 0.9074803 0.515748 0.5285714268684387 0.6930303030303031 0.45000000000000007 0.9 0.3 31256 484373 
29 0.22477079552458964 0.6834470291775981 0.7045323848724365 0.9055118 0.6102362 0.6071428656578064 0.6806060606060607 0.42105263157894735 0.6666666666666666 0.3076923076923077 953119 468748 
30 0.21070586743317252 0.7472692864147696 0.7695649266242981 0.91437006 0.5905512 0.5857142806053162 0.6909090909090909 0.4423076923076923 0.7666666666666667 0.3108108108108108 859369 468747 
31 0.21617181018346876 0.7857735466769361 0.8063526749610901 0.9173228 0.5590551 0.550000011920929 0.6833333333333333 0.4220183486238532 0.7666666666666667 0.2911392405063291 906244 484378 
32 0.21810232818596006 0.7408472675038135 0.7560717463493347 0.9133858 0.5984252 0.5857142806053162 0.6787878787878787 0.42 0.7 0.3 937489 453123 
33 0.20061240902566535 0.7257862344501526 0.738224983215332 0.9261811 0.5944882 0.5928571224212646 0.6784848484848485 0.41237113402061853 0.6666666666666666 0.29850746268656714 921868 453123 
34 0.20430771261453629 0.8349893050869619 0.854267954826355 0.92913383 0.52362204 0.5214285850524902 0.6803030303030303 0.40707964601769914 0.7666666666666667 0.27710843373493976 15618 499998 
35 0.20561089090944276 0.6227589566407241 0.6289616227149963 0.9222441 0.6653543 0.6000000238418579 0.6654545454545454 0.28205128205128205 0.36666666666666664 0.22916666666666666 921888 499998 
36 0.20458511902591375 0.9607213045668415 0.9864224195480347 0.91043305 0.4566929 0.5071428418159485 0.6839393939393938 0.44799999999999995 0.9333333333333333 0.29473684210526313 999994 453119 
37 0.2040821453483086 0.6382715554218593 0.6480593681335449 0.9212598 0.6496063 0.6000000238418579 0.6612121212121213 0.33333333333333337 0.4666666666666667 0.25925925925925924 921869 453123 
38 0.2123706796624529 0.6769086206991841 0.6942328810691833 0.9074803 0.6023622 0.5928571224212646 0.6648484848484848 0.3595505617977528 0.5333333333333333 0.2711864406779661 984369 468748 
39 0.2119671562759895 0.9492804192182586 0.9809529185295105 0.91240156 0.46456692 0.5214285850524902 0.6784848484848485 0.4462809917355372 0.9 0.2967032967032967 890620 468748 
2021-01-12 18:09:55 | number: 4 fold
epoch train_loss vali_loss test_loss train_acc vali_acc test_acc test_auc test_f1 test_recall test_precision train_time test_time
0 0.5158065681851755 0.5294291402880601 0.5263922214508057 0.77559054 0.77952754 0.7857142686843872 0.5663636363636363 0.0 0.0 0.0 828106 843745 
1 0.44226982814120497 0.5843583340719929 0.5882445573806763 0.7972441 0.68503934 0.7071428298950195 0.733030303030303 0.5060240963855422 0.7 0.39622641509433965 890620 468753 
2 0.40397293384619587 0.5917806235824045 0.6035881042480469 0.8159449 0.6732283 0.6499999761581421 0.7754545454545455 0.4615384615384615 0.7 0.3442622950819672 921864 468748 
3 0.3753217543204 0.5550045751211211 0.5596475601196289 0.8307087 0.71653545 0.6928571462631226 0.7845454545454545 0.4819277108433735 0.6666666666666666 0.37735849056603776 921869 468748 
4 0.3570500627512068 0.5194084984580363 0.5143405795097351 0.84350395 0.7559055 0.7642857432365417 0.781818181818182 0.5352112676056339 0.6333333333333333 0.4634146341463415 874992 453123 
5 0.3386086945927988 0.8672959109929603 0.926374614238739 0.84940946 0.4527559 0.3857142925262451 0.8127272727272727 0.4027777777777778 0.9666666666666667 0.2543859649122807 921868 468749 
6 0.3122238209397774 0.7189066283346162 0.7564256191253662 0.878937 0.53937006 0.5285714268684387 0.8006060606060607 0.45901639344262296 0.9333333333333333 0.30434782608695654 874995 468749 
7 0.3101575717212647 0.7929848254196287 0.8436994552612305 0.86614174 0.507874 0.48571428656578064 0.8042424242424242 0.4461538461538462 0.9666666666666667 0.29 906257 453123 
8 0.29109583008946394 0.9454481925551347 1.0132668018341064 0.87204725 0.44094488 0.4000000059604645 0.8021212121212121 0.4166666666666667 1.0 0.2631578947368421 953115 468749 
9 0.2892419543322616 0.9346224646868668 1.001413106918335 0.87598425 0.4448819 0.4000000059604645 0.796969696969697 0.4166666666666667 1.0 0.2631578947368421 828118 484374 
10 0.27528044956875597 1.0332530854255195 1.106357455253601 0.890748 0.42519686 0.4000000059604645 0.7981818181818182 0.4166666666666667 1.0 0.2631578947368421 999994 468747 
11 0.30864037561604357 0.7255276023872256 0.7493596076965332 0.8572835 0.56299216 0.5571428537368774 0.7803030303030303 0.46551724137931033 0.9 0.313953488372093 953122 453123 
12 0.2711869446546074 1.0627315795327734 1.1377309560775757 0.88779527 0.40944883 0.4000000059604645 0.79 0.4166666666666667 1.0 0.2631578947368421 859369 453123 
13 0.2751076038428179 0.958394711881172 1.0182989835739136 0.886811 0.44094488 0.4357142746448517 0.7872727272727273 0.4316546762589928 1.0 0.27522935779816515 953120 468748 
14 0.2657186466408527 0.8055560025643176 0.8345943689346313 0.9015748 0.507874 0.4928571283817291 0.7845454545454544 0.4409448818897637 0.9333333333333333 0.28865979381443296 906244 468748 
15 0.27644137744828473 1.1816440726828388 1.2590769529342651 0.8917323 0.35826772 0.3499999940395355 0.8021212121212121 0.3973509933774834 1.0 0.24793388429752067 968743 484373 
16 0.2608334645042269 0.9933637986032982 1.052056074142456 0.890748 0.44094488 0.44285714626312256 0.7966666666666666 0.4347826086956522 1.0 0.2777777777777778 937494 453126 
17 0.2571394427085486 1.0330643935466375 1.097190260887146 0.8848425 0.42519686 0.41428571939468384 0.7936363636363637 0.4225352112676056 1.0 0.26785714285714285 859367 468747 
18 0.24068438115082388 1.2702832156278956 1.3557804822921753 0.8956693 0.33858266 0.34285715222358704 0.8024242424242425 0.3947368421052631 1.0 0.2459016393442623 31245 468748 
19 0.2445794537546128 1.400340242648688 1.4920562505722046 0.8976378 0.31102362 0.30000001192092896 0.7996969696969697 0.379746835443038 1.0 0.234375 890619 468744 
20 0.245631589546917 1.1773679519262839 1.248927354812622 0.8956693 0.38188976 0.3857142925262451 0.7854545454545454 0.4109589041095891 1.0 0.25862068965517243 984390 484373 
21 0.24055357564856686 1.059242616488239 1.1208311319351196 0.9094488 0.43307087 0.4285714328289032 0.7854545454545454 0.42857142857142855 1.0 0.2727272727272727 921870 484373 
22 0.23505446467343277 1.265441495602525 1.3465158939361572 0.8956693 0.35433072 0.34285715222358704 0.7857575757575758 0.3947368421052631 1.0 0.2459016393442623 890618 453123 
23 0.23143007576934935 1.2197841715624953 1.301275610923767 0.90846455 0.37401575 0.37142857909202576 0.7845454545454545 0.4054054054054054 1.0 0.2542372881355932 921870 468748 
24 0.23433807245859012 1.1624284081571683 1.2392302751541138 0.8976378 0.4055118 0.4000000059604645 0.7827272727272727 0.4166666666666667 1.0 0.2631578947368421 859371 468745 
25 0.24531523284949655 0.9444638898992163 0.9926957488059998 0.886811 0.46850392 0.48571428656578064 0.769090909090909 0.45454545454545453 1.0 0.29411764705882354 937494 499999 
26 0.24221002867841346 1.2329768346050594 1.3103456497192383 0.90452754 0.37401575 0.37142857909202576 0.7763636363636364 0.4054054054054054 1.0 0.2542372881355932 921869 468748 
27 0.2280869765544501 1.0273335233448058 1.0775022506713867 0.90059054 0.4488189 0.44285714626312256 0.7706060606060605 0.4347826086956522 1.0 0.2777777777777778 921870 484373 
28 0.21948891960260436 1.2059371114715816 1.2661104202270508 0.91043305 0.38188976 0.3928571343421936 0.7724242424242425 0.41379310344827586 1.0 0.2608695652173913 15619 468748 
29 0.22354963809017123 0.93477251351349 0.9645678997039795 0.9074803 0.48031497 0.4928571283817291 0.7603030303030303 0.4580152671755725 1.0 0.297029702970297 843742 453124 
30 0.21385248322186506 1.4496172995079222 1.5290329456329346 0.90846455 0.31102362 0.30714285373687744 0.7778787878787878 0.38216560509554137 1.0 0.23622047244094488 859369 468747 
31 0.21349928498737455 1.4693766400570005 1.5520663261413574 0.9232283 0.30708662 0.30714285373687744 0.7766666666666666 0.38216560509554137 1.0 0.23622047244094488 874993 468748 
32 0.22476345899067526 1.639633313877376 1.7269243001937866 0.9192913 0.27165353 0.2928571403026581 0.7763636363636364 0.37735849056603776 1.0 0.23255813953488372 953119 453127 
33 0.22428297245596338 1.259435379599023 1.3166687488555908 0.9133858 0.37007874 0.3857142925262451 0.7642424242424242 0.4109589041095891 1.0 0.25862068965517243 828129 437497 
34 0.22097178671773024 1.1377734340082004 1.1883007287979126 0.90649605 0.41732284 0.44285714626312256 0.7645454545454545 0.4347826086956522 1.0 0.2777777777777778 15619 484373 
35 0.20471104181657626 1.1413239907091997 1.1931743621826172 0.9192913 0.42125985 0.4357142746448517 0.763030303030303 0.4316546762589928 1.0 0.27522935779816515 921883 484374 
36 0.20902961692002814 0.9892364726291867 1.0198895931243896 0.9173228 0.47637796 0.4928571283817291 0.753030303030303 0.4496124031007752 0.9666666666666667 0.29292929292929293 890617 468751 
37 0.2309758218489294 1.129558318243252 1.171455979347229 0.8996063 0.42125985 0.44285714626312256 0.7618181818181818 0.4347826086956522 1.0 0.2777777777777778 906242 468743 
38 0.20053528765524467 1.2420663711592907 1.2899574041366577 0.9153543 0.38188976 0.3928571343421936 0.7615151515151515 0.41379310344827586 1.0 0.2608695652173913 843746 453125 
39 0.1957625661074646 1.1878340629142101 1.2293425798416138 0.91830707 0.39370078 0.41428571939468384 0.7624242424242424 0.4225352112676056 1.0 0.26785714285714285 843742 499998 
2021-01-12 18:12:50 | number: 5 fold
epoch train_loss vali_loss test_loss train_acc vali_acc test_acc test_auc test_f1 test_recall test_precision train_time test_time
0 0.5345818365183402 0.43157072212752395 0.45075979828834534 0.7647638 0.81889766 0.7928571701049805 0.7724242424242425 0.06451612903225806 0.03333333333333333 1.0 937466 562495 
1 0.4522292301880093 0.4250650603001512 0.43076759576797485 0.7923228 0.8228347 0.8071428537368774 0.8096969696969697 0.2285714285714286 0.13333333333333333 0.8 921868 453124 
2 0.41533038911857006 0.41440998052987527 0.417288601398468 0.81889766 0.8346457 0.8142856955528259 0.8142424242424242 0.2777777777777778 0.16666666666666666 0.8333333333333334 796871 468748 
3 0.3869851837008018 0.45015973439366797 0.44529929757118225 0.8228347 0.8110236 0.8500000238418579 0.8406060606060606 0.631578947368421 0.6 0.6666666666666666 890619 453123 
4 0.36632324766925 0.46830272533762174 0.4637986719608307 0.84547246 0.79133856 0.800000011920929 0.8436363636363636 0.5882352941176471 0.6666666666666666 0.5263157894736842 953119 453124 
5 0.3499054136708027 0.5065419404056128 0.501609206199646 0.8484252 0.72834647 0.7214285731315613 0.8509090909090908 0.5301204819277109 0.7333333333333333 0.41509433962264153 906256 453125 
6 0.3332305217352439 0.47328277342901454 0.46719565987586975 0.8602362 0.77952754 0.800000011920929 0.843939393939394 0.5882352941176471 0.6666666666666666 0.5263157894736842 843756 468748 
7 0.3207849204305589 0.48898639477144074 0.4844517707824707 0.8503937 0.7480315 0.7642857432365417 0.8345454545454545 0.5714285714285714 0.7333333333333333 0.46808510638297873 968745 453124 
8 0.31011011222685414 0.5698770524009945 0.5759549736976624 0.8543307 0.6732283 0.6571428775787354 0.8333333333333333 0.5000000000000001 0.8 0.36363636363636365 843756 484381 
9 0.3275408148765564 0.6919512133898698 0.7108765840530396 0.85137796 0.57086617 0.5857142806053162 0.833939393939394 0.5 0.9666666666666667 0.3372093023255814 874987 453124 
10 0.2929773128877475 0.5572883716718419 0.5577908158302307 0.882874 0.6889764 0.6928571462631226 0.8142424242424242 0.5376344086021505 0.8333333333333334 0.3968253968253968 828119 468748 
11 0.2847780685021183 0.6901234397737999 0.7084702849388123 0.875 0.5551181 0.5928571224212646 0.823939393939394 0.49557522123893805 0.9333333333333333 0.3373493975903614 859368 468752 
12 0.269236078412514 0.6063542042191573 0.6126072406768799 0.8917323 0.6496063 0.6499999761581421 0.8124242424242425 0.514851485148515 0.8666666666666667 0.36619718309859156 875002 468749 
13 0.27036069943679597 0.5383190597136189 0.528255820274353 0.8897638 0.70866144 0.7071428298950195 0.802121212121212 0.5393258426966292 0.8 0.4067796610169492 953132 468748 
14 0.2685834704421637 0.6397307787354537 0.6471788883209229 0.8897638 0.62204725 0.6214285492897034 0.8203030303030303 0.49523809523809526 0.8666666666666667 0.3466666666666667 828118 453126 
15 0.26968627065185485 0.77378964940394 0.8020074367523193 0.890748 0.503937 0.550000011920929 0.8209090909090909 0.4878048780487805 1.0 0.3225806451612903 31243 484374 
16 0.2660972989919617 0.5662338775912608 0.5604683756828308 0.890748 0.6929134 0.6928571462631226 0.7972727272727272 0.5274725274725275 0.8 0.39344262295081966 984367 468747 
17 0.26511804583504445 0.7248507991550476 0.752694308757782 0.878937 0.5511811 0.5571428537368774 0.803939393939394 0.47457627118644075 0.9333333333333333 0.3181818181818182 937494 484377 
18 0.24203933693292573 0.6767225335902116 0.6968302726745605 0.8996063 0.5944882 0.6071428656578064 0.7981818181818181 0.4954128440366972 0.9 0.34177215189873417 828116 437498 
19 0.2487324807118243 0.6495876316949138 0.6643964648246765 0.90059054 0.6456693 0.6357142925262451 0.7936363636363637 0.5048543689320387 0.8666666666666667 0.3561643835616438 968743 437498 
20 0.2517948327806052 0.757908513226847 0.7921198606491089 0.89862204 0.53543305 0.5642856955528259 0.8003030303030303 0.4873949579831933 0.9666666666666667 0.3258426966292135 906247 515621 
21 0.24371263901079734 0.6987321512905631 0.7235444188117981 0.90059054 0.5984252 0.5714285969734192 0.79 0.4736842105263158 0.9 0.32142857142857145 906261 437497 
22 0.2319828290638961 0.6902645014402434 0.712862491607666 0.8937008 0.6062992 0.5928571224212646 0.79 0.48648648648648646 0.9 0.3333333333333333 906244 437498 
23 0.24073270866720695 0.6708096556776152 0.6907020807266235 0.90846455 0.62992126 0.6071428656578064 0.7830303030303031 0.47619047619047616 0.8333333333333334 0.3333333333333333 874995 437503 
24 0.2332855840836923 0.6855065592630641 0.7070679068565369 0.90649605 0.62598425 0.6000000238418579 0.78 0.4716981132075471 0.8333333333333334 0.32894736842105265 984364 453122 
25 0.23966572756373036 0.8151702355212114 0.8587325215339661 0.8996063 0.515748 0.5357142686843872 0.7854545454545454 0.47154471544715443 0.9666666666666667 0.3118279569892473 843744 437499 
26 0.2438273304325389 0.8754021877378929 0.9240367412567139 0.9055118 0.48031497 0.5071428418159485 0.7824242424242425 0.45669291338582674 0.9666666666666667 0.29896907216494845 906242 437498 
27 0.23040904433239162 0.695208372562889 0.7138242721557617 0.90059054 0.62204725 0.5857142806053162 0.7775757575757576 0.462962962962963 0.8333333333333334 0.32051282051282054 984369 468751 
28 0.2366274149985764 0.6005071251411137 0.5933692455291748 0.90059054 0.6889764 0.6571428775787354 0.7706060606060606 0.47826086956521735 0.7333333333333333 0.3548387096774194 15617 437497 
29 0.23982456502482646 0.8280309701529075 0.8733742833137512 0.8937008 0.51968503 0.5428571701049805 0.7918181818181819 0.4754098360655738 0.9666666666666667 0.31521739130434784 859369 437498 
30 0.21334662435092325 0.9436701418846611 1.007084846496582 0.9242126 0.4527559 0.48571428656578064 0.7927272727272727 0.45454545454545453 1.0 0.29411764705882354 796870 437499 
31 0.24042561544677404 0.6993881801920613 0.7173102498054504 0.9094488 0.62992126 0.6071428656578064 0.78 0.47619047619047616 0.8333333333333334 0.3333333333333333 999991 437513 
32 0.2078832353897921 0.8086586819859002 0.8498402237892151 0.9222441 0.54330707 0.5428571701049805 0.7784848484848486 0.4754098360655738 0.9666666666666667 0.31521739130434784 937481 453132 
33 0.21053602798717228 0.8045951146779098 0.8459794521331787 0.9192913 0.54330707 0.550000011920929 0.7815151515151515 0.47933884297520657 0.9666666666666667 0.31868131868131866 968747 453127 
34 0.20894769150910414 0.7262324916096184 0.7484310865402222 0.91633856 0.61417323 0.5857142806053162 0.7736363636363637 0.4727272727272728 0.8666666666666667 0.325 828131 484358 
35 0.2186603806619569 0.8611895310597157 0.9095573425292969 0.91240156 0.511811 0.5142857432365417 0.7793939393939394 0.46031746031746024 0.9666666666666667 0.3020833333333333 890620 468746 
36 0.22887538174005945 0.8244508166951457 0.8607858419418335 0.91437006 0.5511811 0.5428571701049805 0.7696969696969698 0.4754098360655738 0.9666666666666667 0.31521739130434784 937494 468758 
37 0.2051562063806639 0.7498990222225039 0.7692288756370544 0.93110234 0.5984252 0.5642856955528259 0.7693939393939394 0.4403669724770642 0.8 0.3037974683544304 859372 437499 
38 0.2014424012401911 0.8180140669890276 0.8508217930793762 0.9242126 0.5787402 0.550000011920929 0.7715151515151515 0.47933884297520657 0.9666666666666667 0.31868131868131866 874994 421873 
39 0.21388458020574463 0.9701755253348764 1.0291996002197266 0.9094488 0.4566929 0.4714285731315613 0.7766666666666666 0.43939393939393934 0.9666666666666667 0.28431372549019607 937498 453122 
2021-01-12 19:19:14 | add fc layer number: 1 fold
epoch train_loss vali_loss test_loss train_acc vali_acc test_acc test_auc test_f1 test_recall test_precision train_time test_time
0 0.8941448978551729 0.5033241102075953 0.5177208185195923 0.7332677 0.79527557 0.7857142686843872 0.5766666666666667 0.0 0.0 0.0 937474 249992 
1 0.424470873798911 0.48537610694179384 0.4679552912712097 0.8070866 0.7440945 0.7928571701049805 0.823030303030303 0.5915492957746479 0.7 0.5121951219512195 62506 437498 
2 0.3370502781210922 0.8443162211282985 0.8541423678398132 0.8484252 0.48818898 0.5071428418159485 0.7906060606060606 0.45669291338582674 0.9666666666666667 0.29896907216494845 984366 437502 
3 0.3366396990348035 0.6496092085763225 0.62066251039505 0.8523622 0.62598425 0.6285714507102966 0.7584848484848485 0.46938775510204084 0.7666666666666667 0.3382352941176471 93736 499984 
4 0.31089811367312753 0.848598588639357 0.827150821685791 0.867126 0.4566929 0.5285714268684387 0.7751515151515151 0.467741935483871 0.9666666666666667 0.30851063829787234 62491 484372 
5 0.257573329792248 1.8512602894324957 1.823419451713562 0.8937008 0.27165353 0.2785714268684387 0.7912121212121213 0.37267080745341613 1.0 0.22900763358778625 46869 453121 
6 0.2504959873796448 1.53781245355531 1.5511213541030884 0.890748 0.30708662 0.3642857074737549 0.7493939393939394 0.40268456375838924 1.0 0.25210084033613445 31229 468748 
7 0.23513162746204166 2.2023860525897168 2.1910204887390137 0.9094488 0.25984251 0.30714285373687744 0.7566666666666667 0.38216560509554137 1.0 0.23622047244094488 51011 468747 
8 0.24310343636302498 1.71304987734697 1.7153370380401611 0.8937008 0.2913386 0.3499999940395355 0.76 0.3973509933774834 1.0 0.24793388429752067 109369 468749 
9 0.22432702791503095 1.8162054536849495 1.827579140663147 0.91437006 0.2913386 0.3285714387893677 0.7603030303030304 0.38961038961038963 1.0 0.24193548387096775 78115 468748 
10 0.19726788586988223 0.8627535855676246 0.835644543170929 0.9251968 0.61417323 0.5714285969734192 0.6890909090909091 0.37499999999999994 0.6 0.2727272727272727 15618 515621 
11 0.2196504682537139 2.6803313259064683 2.669344663619995 0.91437006 0.26771653 0.3142857253551483 0.7827272727272727 0.3846153846153846 1.0 0.23809523809523808 109357 453122 
12 0.19302075561576001 1.2737538298283975 1.2380437850952148 0.91830707 0.4488189 0.4928571283817291 0.729090909090909 0.4496124031007752 0.9666666666666667 0.29292929292929293 93740 437499 
13 0.1792345532751459 2.5298692541798267 2.4858479499816895 0.9212598 0.28346458 0.34285715222358704 0.743030303030303 0.3947368421052631 1.0 0.2459016393442623 124989 468747 
14 0.19516226320754826 2.2245362030239555 2.2105629444122314 0.9114173 0.31102362 0.3571428656578064 0.74 0.4 1.0 0.25 62474 468760 
15 0.2239481163775827 1.1874309496616755 1.1967055797576904 0.90255904 0.5590551 0.550000011920929 0.7012121212121212 0.411214953271028 0.7333333333333333 0.2857142857142857 62477 453122 
16 0.23238387002837002 1.8200831263084112 1.791409969329834 0.8937008 0.38582677 0.44285714626312256 0.7045454545454546 0.42647058823529416 0.9666666666666667 0.27358490566037735 46869 468747 
17 0.21343128441825626 1.2612666886622512 1.2382630109786987 0.9153543 0.4527559 0.48571428656578064 0.7148484848484848 0.4193548387096774 0.8666666666666667 0.2765957446808511 62494 468747 
18 0.17957760088556396 1.4661560912770548 1.4539507627487183 0.9232283 0.4055118 0.44999998807907104 0.7048484848484848 0.42962962962962964 0.9666666666666667 0.2761904761904762 93742 484376 
19 0.16280863099680173 3.063243422921248 3.0441339015960693 0.9340551 0.2874016 0.3285714387893677 0.7321212121212121 0.38961038961038963 1.0 0.24193548387096775 109365 453121 
20 0.1826363630651489 1.6127221725118441 1.6241741180419922 0.93307084 0.492126 0.5571428537368774 0.6996969696969697 0.425925925925926 0.7666666666666667 0.2948717948717949 46867 468748 
21 0.1435616624167585 3.3334099551824132 3.2552332878112793 0.94192916 0.27559054 0.3142857253551483 0.7096969696969697 0.3846153846153846 1.0 0.23809523809523808 46868 453123 
22 0.12147689252857148 3.053140756652111 2.966442823410034 0.9478347 0.31889763 0.3571428656578064 0.703939393939394 0.4 1.0 0.25 140631 468753 
23 0.18280604909958803 1.9585271895401122 1.9235323667526245 0.9153543 0.31889763 0.3642857074737549 0.7115151515151514 0.40268456375838924 1.0 0.25210084033613445 109351 453123 
24 0.1792319093163558 0.977607951389523 0.9465476870536804 0.9222441 0.6496063 0.6214285492897034 0.6657575757575758 0.3764705882352941 0.5333333333333333 0.2909090909090909 124994 468746 
25 0.12436405671980437 2.344694096272386 2.3240394592285156 0.9488189 0.42125985 0.44285714626312256 0.7103030303030302 0.40909090909090906 0.9 0.2647058823529412 109367 453121 
26 0.18706083972388365 1.7740744418046606 1.757168173789978 0.9271653 0.44094488 0.47857141494750977 0.6815151515151514 0.3865546218487395 0.7666666666666667 0.25842696629213485 140619 484371 
27 0.16324785351753235 2.6633578154045767 2.670741319656372 0.93110234 0.28346458 0.3214285671710968 0.7000000000000001 0.3870967741935484 1.0 0.24 999995 453122 
28 0.11115766263852908 1.4835699852995985 1.5575432777404785 0.95866144 0.5787402 0.5357142686843872 0.6812121212121212 0.3434343434343434 0.5666666666666667 0.2463768115942029 62494 484374 
29 0.11903930326381068 1.8041595699280266 1.7634825706481934 0.95669293 0.48425198 0.5071428418159485 0.633030303030303 0.34285714285714286 0.6 0.24 62489 468750 
30 0.13876990076359802 3.7378101236238255 3.641771078109741 0.94192916 0.28346458 0.3214285671710968 0.673030303030303 0.3870967741935484 1.0 0.24 31224 453119 
31 0.1642583615667238 2.558623499757662 2.5804905891418457 0.9340551 0.2519685 0.2928571403026581 0.6763636363636364 0.37735849056603776 1.0 0.23255813953488372 156243 453117 
32 0.11538348810409936 2.127450150767649 2.1050896644592285 0.9517717 0.4566929 0.4928571283817291 0.6548484848484848 0.3826086956521739 0.7333333333333333 0.25882352941176473 154214 468745 
33 0.1639362797727735 2.0997760690103364 2.0849785804748535 0.93503934 0.44094488 0.4714285731315613 0.6575757575757576 0.40322580645161293 0.8333333333333334 0.26595744680851063 78102 484375 
34 0.1975402109266266 2.0981802508586975 2.079723834991455 0.92027557 0.39370078 0.4357142746448517 0.6693939393939394 0.3969465648854962 0.8666666666666667 0.25742574257425743 62490 468747 
35 0.13439966884889 1.567502896616778 1.5503910779953003 0.95472443 0.5472441 0.5285714268684387 0.6624242424242425 0.33999999999999997 0.5666666666666667 0.24285714285714285 93741 484371 
36 0.09645512004888902 1.5563064588336495 1.5644642114639282 0.96850395 0.57086617 0.5428571701049805 0.6706060606060606 0.3469387755102041 0.5666666666666667 0.25 171865 500001 
37 0.1483550670109396 1.4132182250811358 1.4577707052230835 0.94389766 0.53149605 0.5357142686843872 0.6557575757575759 0.36893203883495146 0.6333333333333333 0.2602739726027397 203114 484375 
38 0.11665923768786464 1.9788242606666144 2.068793773651123 0.9537402 0.51968503 0.5357142686843872 0.6845454545454546 0.4144144144144144 0.7666666666666667 0.2839506172839506 140614 468749 
39 0.12238898455333991 2.2089387037622648 2.2668240070343018 0.94389766 0.46456692 0.5214285850524902 0.6963636363636364 0.43697478991596633 0.8666666666666667 0.29213483146067415 124990 500012 
2021-01-12 19:22:23 | add fc layer number: 2 fold
epoch train_loss vali_loss test_loss train_acc vali_acc test_acc test_auc test_f1 test_recall test_precision train_time test_time
0 0.8928511140384073 0.5548904758738721 0.5329675674438477 0.7332677 0.7598425 0.7857142686843872 0.49363636363636365 0.0 0.0 0.0 328088 484370 
1 0.47704349024089304 0.5228828900442348 0.5022602677345276 0.7942913 0.7598425 0.7857142686843872 0.7442424242424244 0.0 0.0 0.0 109364 484370 
2 0.37003382007906754 0.7715436727043212 0.8776009678840637 0.82972443 0.54330707 0.44285714626312256 0.8496969696969696 0.4347826086956522 1.0 0.2777777777777778 125008 468759 
3 0.2906534677650046 1.2687589878172387 1.4502217769622803 0.871063 0.35826772 0.2928571403026581 0.826060606060606 0.37735849056603776 1.0 0.23255813953488372 124992 468752 
4 0.2874480111627128 0.5986148137745895 0.6075210571289062 0.8651575 0.6574803 0.6357142925262451 0.7503030303030302 0.42696629213483145 0.6333333333333333 0.3220338983050847 171867 515610 
5 0.2120365905245458 0.6746394263477776 0.7134258151054382 0.91240156 0.6574803 0.6000000238418579 0.74 0.4285714285714286 0.7 0.3088235294117647 125007 499997 
6 0.2252431785262476 0.647841597635915 0.6024033427238464 0.9035433 0.68503934 0.6642857193946838 0.7081818181818182 0.40506329113924044 0.5333333333333333 0.32653061224489793 62496 468745 
7 0.28902494320719263 0.9330054789077579 1.0102678537368774 0.867126 0.4015748 0.37142857909202576 0.7757575757575758 0.4054054054054054 1.0 0.2542372881355932 62492 468749 
8 0.24605251590567312 0.6805383685066944 0.5711765289306641 0.90059054 0.72440946 0.7214285731315613 0.6690909090909091 0.2909090909090909 0.26666666666666666 0.32 31242 484371 
9 0.27034064892708787 1.335917304819963 1.5585449934005737 0.88779527 0.48818898 0.48571428656578064 0.7475757575757576 0.45454545454545453 1.0 0.29411764705882354 46867 484372 
10 0.25182133584510624 0.7658496090746302 0.8189602494239807 0.89665353 0.54330707 0.5142857432365417 0.7393939393939394 0.46874999999999994 1.0 0.30612244897959184 46867 499997 
11 0.23147272195403032 0.7216883259495412 0.7558914422988892 0.90452754 0.5866142 0.5642856955528259 0.7442424242424241 0.4695652173913043 0.9 0.3176470588235294 78119 484371 
12 0.1783779252936521 0.7782336867700411 0.7980007529258728 0.9261811 0.61811024 0.6000000238418579 0.7484848484848485 0.44 0.7333333333333333 0.3142857142857143 93760 484372 
13 0.17694835928012068 0.9039456938195416 0.9718379378318787 0.9242126 0.511811 0.4714285731315613 0.7496969696969698 0.43939393939393934 0.9666666666666667 0.28431372549019607 46869 500001 
14 0.20254631704232823 0.6477815485376073 0.5613258481025696 0.91043305 0.6732283 0.6928571462631226 0.6827272727272726 0.3582089552238806 0.4 0.32432432432432434 62486 453123 
15 0.18147298236062206 0.8878456645124541 0.9549317359924316 0.92027557 0.5866142 0.5357142686843872 0.7024242424242424 0.4144144144144144 0.7666666666666667 0.2839506172839506 109368 484372 
16 0.16877853887991642 0.9962682648906558 1.1208455562591553 0.9320866 0.5590551 0.5142857432365417 0.7227272727272727 0.4426229508196721 0.9 0.29347826086956524 999976 484375 
17 0.17631025682753465 1.4322607076074194 1.690368890762329 0.9261811 0.4488189 0.3928571343421936 0.7803030303030303 0.41379310344827586 1.0 0.2608695652173913 31242 484375 
18 0.20120664140370886 0.6500339362564989 0.640593409538269 0.91043305 0.6496063 0.6071428656578064 0.6854545454545454 0.4329896907216495 0.7 0.31343283582089554 62492 484367 
19 0.17950758214775972 0.9579603221472792 1.006739616394043 0.9281496 0.5590551 0.5071428418159485 0.6924242424242424 0.3893805309734513 0.7333333333333333 0.26506024096385544 15618 484371 
20 0.15973851627369565 1.335824239911057 1.5401443243026733 0.9340551 0.5 0.4571428596973419 0.7 0.41538461538461546 0.9 0.27 31226 499985 
21 0.204966563526101 1.1474896143740556 1.2637563943862915 0.91240156 0.34251967 0.30000001192092896 0.7254545454545455 0.379746835443038 1.0 0.234375 109377 484373 
22 0.1706897274363698 0.8784915133724063 0.7698606252670288 0.9340551 0.6653543 0.6642857193946838 0.6609090909090909 0.37333333333333335 0.4666666666666667 0.3111111111111111 62490 468747 
23 0.1531659925547172 0.9516479875159076 0.9600632786750793 0.93307084 0.61811024 0.5714285969734192 0.6815151515151515 0.4 0.6666666666666666 0.2857142857142857 999989 484373 
24 0.16265865776130534 1.6234902274890208 1.8475933074951172 0.9320866 0.39370078 0.40714284777641296 0.7287878787878788 0.41958041958041964 1.0 0.26548672566371684 46881 499999 
25 0.20359346827888114 0.8202134821358629 0.8218272924423218 0.91830707 0.5590551 0.5285714268684387 0.7015151515151515 0.4210526315789473 0.8 0.2857142857142857 109368 468747 
26 0.1403758417902969 1.5996281396685623 1.8059529066085815 0.9468504 0.43700787 0.4214285612106323 0.7348484848484849 0.4255319148936171 1.0 0.2702702702702703 46882 484356 
27 0.1465061864280325 0.8226429599476611 0.7158361673355103 0.9261811 0.6653543 0.6499999761581421 0.6851515151515151 0.379746835443038 0.5 0.30612244897959184 93742 499984 
28 0.12112510012184072 2.05990661598566 2.3811328411102295 0.9478347 0.39370078 0.3857142925262451 0.7106060606060606 0.4109589041095891 1.0 0.25862068965517243 78131 468750 
29 0.1391387226896023 3.3465923699806996 3.7791430950164795 0.9429134 0.27165353 0.25 0.7290909090909091 0.3636363636363636 1.0 0.2222222222222222 93739 468748 
30 0.20446746620371586 1.4483640813452052 1.6436543464660645 0.92027557 0.496063 0.44999998807907104 0.6863636363636364 0.4210526315789473 0.9333333333333333 0.27184466019417475 46885 468731 
31 0.11530697521731609 2.163060623829759 2.506199598312378 0.9488189 0.39370078 0.3857142925262451 0.65 0.4109589041095891 1.0 0.25862068965517243 46881 468748 
32 0.17476680728159552 2.5309336861287517 2.8920862674713135 0.93799216 0.3031496 0.2571428716182709 0.753030303030303 0.36585365853658536 1.0 0.22388059701492538 78117 499979 
33 0.19221376868214193 1.962839684148473 2.2703495025634766 0.92027557 0.33464566 0.2928571403026581 0.7612121212121212 0.37735849056603776 1.0 0.23255813953488372 109382 484355 
34 0.12315852107025507 1.4619215473415346 1.6411304473876953 0.9478347 0.5472441 0.4928571283817291 0.6742424242424243 0.4227642276422764 0.8666666666666667 0.27956989247311825 46868 468730 
35 0.1514371113749001 1.2817552239876093 1.4197322130203247 0.9320866 0.51968503 0.48571428656578064 0.6793939393939394 0.43749999999999994 0.9333333333333333 0.2857142857142857 46885 484386 
36 0.12056809822170753 3.4314864132348006 3.9584407806396484 0.9527559 0.31889763 0.26428571343421936 0.7512121212121212 0.3680981595092025 1.0 0.22556390977443608 62493 484371 
37 0.10842077275664788 1.7358227958829384 2.0341579914093018 0.95669293 0.4527559 0.44285714626312256 0.6945454545454546 0.4347826086956522 1.0 0.2777777777777778 62488 468749 
38 0.1260470438777931 2.09136125985093 2.463581085205078 0.9488189 0.37795275 0.33571428060531616 0.7206060606060607 0.39215686274509803 1.0 0.24390243902439024 999991 468747 
39 0.13934663501311476 2.910736316771019 3.4226009845733643 0.94389766 0.33858266 0.30714285373687744 0.7463636363636363 0.38216560509554137 1.0 0.23622047244094488 62504 484376 
2021-01-12 19:25:34 | add fc layer number: 3 fold
epoch train_loss vali_loss test_loss train_acc vali_acc test_acc test_auc test_f1 test_recall test_precision train_time test_time
0 0.8295574688066648 0.5081199175260198 0.5025943517684937 0.738189 0.78740156 0.7857142686843872 0.6590909090909091 0.0 0.0 0.0 46851 749998 
1 0.39957649125827577 0.46408617989284784 0.4253716468811035 0.81692916 0.79527557 0.7785714268684387 0.833939393939394 0.4918032786885246 0.5 0.4838709677419355 78114 499994 
2 0.33776955177464824 0.4944426828012692 0.4279452860355377 0.85334647 0.7992126 0.7928571701049805 0.7751515151515151 0.3555555555555555 0.26666666666666666 0.5333333333333333 62492 499998 
3 0.27788873662160135 1.4603051726273664 1.5133126974105835 0.8887795 0.33070865 0.3285714387893677 0.8496969696969697 0.38961038961038963 1.0 0.24193548387096775 999991 484372 
4 0.32027847255308795 0.5254653222917571 0.4946255683898926 0.87007874 0.70866144 0.6857143044471741 0.7966666666666666 0.46341463414634143 0.6333333333333333 0.36538461538461536 125007 499998 
5 0.23295660739339244 0.8683921727608508 0.9297525882720947 0.90059054 0.5551181 0.5857142806053162 0.7663636363636364 0.4821428571428572 0.9 0.32926829268292684 62493 484371 
6 0.2580609302821122 0.7200601025829165 0.7302734851837158 0.88385826 0.5866142 0.6142857074737549 0.7642424242424243 0.4905660377358491 0.8666666666666667 0.34210526315789475 78127 484358 
7 0.309302961028467 0.5495229114697674 0.5251455307006836 0.87401575 0.7480315 0.7214285731315613 0.7393939393939393 0.417910447761194 0.4666666666666667 0.3783783783783784 31258 484372 
8 0.20093918538938357 1.1115838617790403 1.2157306671142578 0.92027557 0.51968503 0.5214285850524902 0.7578787878787878 0.464 0.9666666666666667 0.30526315789473685 31243 468746 
9 0.2795234207562574 0.5029911321448529 0.461326539516449 0.8769685 0.78740156 0.7428571581840515 0.7384848484848485 0.28 0.23333333333333334 0.35 62491 484373 
10 0.24142199449651824 0.6312370363652237 0.5470713973045349 0.9035433 0.79527557 0.7714285850524902 0.7178787878787879 0.27272727272727276 0.2 0.42857142857142855 46863 468765 
11 0.19013598420488553 0.690470374005986 0.6527071595191956 0.9301181 0.70472443 0.7071428298950195 0.7366666666666667 0.4533333333333333 0.5666666666666667 0.37777777777777777 19562 468745 
12 0.21619785629858182 0.9076250547499168 0.9629302024841309 0.91043305 0.56692916 0.5785714387893677 0.7857575757575758 0.4778761061946903 0.9 0.3253012048192771 109384 484372 
13 0.21251370552487261 0.8230793851567065 0.8340247869491577 0.9074803 0.5866142 0.5928571224212646 0.7763636363636364 0.4672897196261683 0.8333333333333334 0.3246753246753247 124993 484372 
14 0.20555486911394466 0.7049037964325252 0.6950364708900452 0.9094488 0.63385826 0.6214285492897034 0.7521212121212122 0.4752475247524753 0.8 0.3380281690140845 78118 499980 
15 0.26293615374978135 0.9300087080227109 0.9583365321159363 0.8976378 0.41732284 0.4571428596973419 0.7724242424242425 0.4411764705882353 1.0 0.2830188679245283 999993 484353 
16 0.22124738099537497 0.7562242070520957 0.7793397903442383 0.90649605 0.6496063 0.6214285492897034 0.7427272727272727 0.45360824742268047 0.7333333333333333 0.3283582089552239 93757 499983 
17 0.18771560513597774 2.1869708966082477 2.2793285846710205 0.9251968 0.3464567 0.3214285671710968 0.7972727272727272 0.3870967741935484 1.0 0.24 984382 453120 
18 0.21877583532821476 1.0269334954539622 1.0946290493011475 0.9074803 0.5866142 0.5785714387893677 0.7621212121212121 0.4587155963302753 0.8333333333333334 0.31645569620253167 93758 484355 
19 0.2187958049961901 1.066887282949733 1.1198270320892334 0.9094488 0.48425198 0.4928571283817291 0.7527272727272727 0.4409448818897637 0.9333333333333333 0.28865979381443296 125008 484359 
20 0.1644142225502044 1.4511737316612183 1.530679702758789 0.9320866 0.43700787 0.4714285731315613 0.7778787878787878 0.44776119402985076 1.0 0.28846153846153844 125007 468747 
21 0.190686046842515 1.363785519374637 1.4403225183486938 0.91240156 0.4448819 0.47857141494750977 0.763030303030303 0.44274809160305345 0.9666666666666667 0.2871287128712871 46864 484371 
22 0.17458621242384273 0.7358260821169755 0.6935136914253235 0.9261811 0.7322835 0.6857143044471741 0.6799999999999999 0.3333333333333333 0.36666666666666664 0.3055555555555556 15601 468750 
23 0.16137331325238144 0.9899978778493685 1.0565415620803833 0.93799216 0.5944882 0.5857142806053162 0.7193939393939394 0.45283018867924535 0.8 0.3157894736842105 999988 468749 
24 0.15288538069236934 1.2132008854798444 1.2752283811569214 0.93799216 0.507874 0.5214285850524902 0.7318181818181818 0.4462809917355372 0.9 0.2967032967032967 31225 499978 
25 0.14254710148638627 1.2572759399263878 1.3283642530441284 0.9409449 0.57086617 0.5571428537368774 0.7106060606060607 0.4363636363636363 0.8 0.3 984383 468746 
26 0.1446287331618662 0.81928892116847 0.806347131729126 0.93307084 0.6732283 0.6857143044471741 0.6987878787878787 0.37142857142857144 0.43333333333333335 0.325 109365 484374 
27 0.1674650151311882 0.829745596318733 0.8167839050292969 0.9281496 0.6692913 0.6714285612106323 0.7054545454545454 0.39473684210526316 0.5 0.32608695652173914 46866 484374 
28 0.13976030890631863 0.9929263854589988 0.989898681640625 0.94192916 0.62992126 0.6214285492897034 0.7039393939393939 0.4421052631578948 0.7 0.3230769230769231 93739 484373 
29 0.1460198138173171 1.4073746110510639 1.4638525247573853 0.9468504 0.5 0.5214285850524902 0.7357575757575758 0.4552845528455285 0.9333333333333333 0.3010752688172043 953130 484373 
30 0.19443123206848234 2.313517566740982 2.3970324993133545 0.9251968 0.31102362 0.30714285373687744 0.7415151515151516 0.38216560509554137 1.0 0.23622047244094488 999992 484375 
31 0.17836715715137993 0.9935506300663385 0.9866849780082703 0.9192913 0.6653543 0.6571428775787354 0.7003030303030303 0.41463414634146345 0.5666666666666667 0.3269230769230769 46866 468742 
32 0.1509538057634211 1.1925045233073197 1.2239089012145996 0.9320866 0.48818898 0.5214285850524902 0.6948484848484849 0.43697478991596633 0.8666666666666667 0.29213483146067415 93744 499998 
33 0.15870200555155597 0.8496719917913121 0.8245064616203308 0.93700784 0.71259844 0.6785714030265808 0.6360606060606061 0.26229508196721313 0.26666666666666666 0.25806451612903225 15601 468730 
34 0.1507215561477218 1.2793092380358477 1.3753719329833984 0.9320866 0.5787402 0.6000000238418579 0.6990909090909091 0.46153846153846156 0.8 0.32432432432432434 15632 453123 
35 0.14660837471954466 1.0275959086230422 1.0719470977783203 0.94389766 0.6692913 0.6428571343421936 0.6793939393939393 0.3243243243243243 0.4 0.2727272727272727 968759 484358 
36 0.16277990648596305 1.0589673453428614 1.1147407293319702 0.92913383 0.5787402 0.6071428656578064 0.7251515151515152 0.47619047619047616 0.8333333333333334 0.3333333333333333 46881 499981 
37 0.15247202723279712 1.244657858150212 1.3110616207122803 0.93799216 0.5944882 0.5714285969734192 0.7127272727272728 0.4444444444444444 0.8 0.3076923076923077 93759 515605 
38 0.12486374906198246 1.4877633034713624 1.574488639831543 0.9488189 0.53149605 0.5714285969734192 0.7142424242424242 0.4827586206896553 0.9333333333333333 0.32558139534883723 62507 499993 
39 0.12289702437642053 1.3000976438597431 1.3492004871368408 0.9448819 0.56299216 0.5642856955528259 0.7342424242424243 0.45045045045045046 0.8333333333333334 0.30864197530864196 8 484356 
2021-01-12 19:28:42 | add fc layer number: 4 fold
epoch train_loss vali_loss test_loss train_acc vali_acc test_acc test_auc test_f1 test_recall test_precision train_time test_time
0 0.8165293992973688 0.547641481470874 0.5249018669128418 0.7667323 0.7677165 0.7857142686843872 0.530909090909091 0.0 0.0 0.0 78086 796868 
1 0.42367138965862006 0.47861940536912034 0.4498288929462433 0.80413383 0.78346455 0.7928571701049805 0.7854545454545454 0.29268292682926833 0.2 0.5454545454545454 78132 468734 
2 0.3425198239604319 1.0724611864315243 1.1197903156280518 0.8572835 0.36220473 0.3499999940395355 0.7945454545454546 0.3973509933774834 1.0 0.24793388429752067 31242 468733 
3 0.3381679283352349 0.6205251123022846 0.5893301963806152 0.8543307 0.6968504 0.6642857193946838 0.7381818181818182 0.4337349397590361 0.6 0.33962264150943394 78131 484371 
4 0.27360734249663166 0.7580199715659375 0.6135200262069702 0.88385826 0.7480315 0.7785714268684387 0.6512121212121211 0.16216216216216217 0.1 0.42857142857142855 31255 484355 
5 0.23921506857778144 0.7410590653344402 0.6262543797492981 0.8976378 0.63385826 0.6357142925262451 0.669090909090909 0.33766233766233766 0.43333333333333335 0.2765957446808511 46881 484371 
6 0.27119358810852834 0.6709972979046228 0.5555567741394043 0.8996063 0.7559055 0.7785714268684387 0.6533333333333333 0.0 0.0 0.0 93755 484375 
7 0.28783378098893353 0.6417521778054125 0.5522539615631104 0.88582677 0.6574803 0.6642857193946838 0.6754545454545455 0.29850746268656714 0.3333333333333333 0.2702702702702703 984368 484374 
8 0.26275580194522075 0.848918165747575 0.7634660601615906 0.886811 0.5787402 0.6142857074737549 0.71 0.4375 0.7 0.3181818181818182 78118 468748 
9 0.20354524771059593 0.9062819006874805 0.7722970843315125 0.9074803 0.6102362 0.6428571343421936 0.676060606060606 0.34210526315789475 0.43333333333333335 0.2826086956521739 109368 499998 
10 0.2344080925457121 0.8311265556831059 0.6901664137840271 0.890748 0.61417323 0.6499999761581421 0.6790909090909091 0.36363636363636365 0.4666666666666667 0.2978723404255319 31244 468733 
11 0.21722937275574902 0.8445450780898567 0.7615076303482056 0.90846455 0.52755904 0.5642856955528259 0.7006060606060607 0.4299065420560748 0.7666666666666667 0.2987012987012987 8 484361 
12 0.21382578526894877 0.9559430695894197 0.8684883117675781 0.91240156 0.511811 0.5357142686843872 0.7024242424242424 0.4347826086956522 0.8333333333333334 0.29411764705882354 31243 484372 
13 0.18866939690169388 1.6325937762973814 1.574777364730835 0.9212598 0.4448819 0.4214285612106323 0.6763636363636364 0.3909774436090226 0.8666666666666667 0.2524271844660194 31258 515623 
14 0.23379172408205318 0.7973458006626039 0.6480667591094971 0.9035433 0.6535433 0.6499999761581421 0.656060606060606 0.26865671641791045 0.3 0.24324324324324326 15616 484376 
15 0.18356967617676953 0.9488920987121702 0.733572781085968 0.9222441 0.63385826 0.6499999761581421 0.626969696969697 0.26865671641791045 0.3 0.24324324324324326 7 468748 
16 0.19127933387681256 0.9557141112530325 0.7407258749008179 0.9271653 0.70866144 0.7428571581840515 0.5806060606060606 0.14285714285714288 0.1 0.25 78117 484373 
17 0.2509947769402519 1.035802174740889 0.8845601081848145 0.890748 0.5511811 0.5571428537368774 0.656969696969697 0.3541666666666667 0.5666666666666667 0.25757575757575757 15632 484352 
18 0.18042093926058042 1.0985405717309065 0.9008145332336426 0.9222441 0.5551181 0.5857142806053162 0.6718181818181819 0.3555555555555555 0.5333333333333333 0.26666666666666666 984383 484373 
19 0.19614019790502984 1.091172260562266 0.9228813052177429 0.92027557 0.52362204 0.5714285969734192 0.6481818181818182 0.38775510204081637 0.6333333333333333 0.27941176470588236 109366 500010 
20 0.1672612163494891 1.072042119784618 0.8079831600189209 0.93307084 0.70866144 0.7571428418159485 0.6254545454545455 0.22727272727272724 0.16666666666666666 0.35714285714285715 78117 453123 
21 0.2104274957902788 1.0243889938189288 0.8766831755638123 0.90846455 0.51968503 0.5428571701049805 0.6887878787878787 0.39622641509433965 0.7 0.27631578947368424 78131 484372 
22 0.1703686672519511 1.0895330488212465 0.7960187792778015 0.93307084 0.6574803 0.6928571462631226 0.6672727272727272 0.29508196721311475 0.3 0.2903225806451613 968743 499994 
23 0.1527761017947685 1.0738607626261674 0.8053371906280518 0.93503934 0.68503934 0.7285714149475098 0.5906060606060606 0.09523809523809522 0.06666666666666667 0.16666666666666666 124992 453124 
24 0.16100931578264463 1.2666998773109255 0.972095251083374 0.93700784 0.6023622 0.6285714507102966 0.6539393939393939 0.35000000000000003 0.4666666666666667 0.28 968743 484376 
25 0.1360130664987827 1.3659623354438721 1.0235874652862549 0.94389766 0.5984252 0.6357142925262451 0.6248484848484848 0.30136986301369856 0.36666666666666664 0.2558139534883721 62501 484355 
26 0.12602792064270635 1.3190055710124218 1.0254385471343994 0.9498032 0.5905512 0.6357142925262451 0.626969696969697 0.32 0.4 0.26666666666666666 31254 515623 
27 0.17484661221034883 1.1446390654158405 0.9400777816772461 0.93799216 0.7677165 0.7857142686843872 0.5966666666666667 0.0 0.0 0.0 93744 484373 
28 0.26082105494624985 0.943141132358491 0.7500628232955933 0.9055118 0.6692913 0.699999988079071 0.6193939393939394 0.3 0.3 0.3 109368 484372 
29 0.20862269507149073 1.0278753661733913 0.8879247307777405 0.9133858 0.53149605 0.5428571701049805 0.6681818181818182 0.3846153846153846 0.6666666666666666 0.2702702702702703 46885 484372 
30 0.15011456362375125 1.8018148818353967 1.6063916683197021 0.94192916 0.48425198 0.4928571283817291 0.6475757575757576 0.4227642276422764 0.8666666666666667 0.27956989247311825 15619 468746 
31 0.1445350191137922 1.2414616909552747 0.9828846454620361 0.93700784 0.6023622 0.5928571224212646 0.6172727272727273 0.3132530120481928 0.43333333333333335 0.24528301886792453 62494 484373 
32 0.1259711492718674 2.0050693722221795 1.7360316514968872 0.9488189 0.503937 0.5 0.6296969696969696 0.36363636363636365 0.6666666666666666 0.25 93743 484372 
33 0.11833022640446039 1.2803247303474607 0.9795122146606445 0.96062994 0.62598425 0.6642857193946838 0.6215151515151516 0.31884057971014496 0.36666666666666664 0.28205128205128205 93755 484355 
34 0.1350195251815901 1.226634724402991 0.9653398990631104 0.9488189 0.7007874 0.7285714149475098 0.5563636363636364 0.13636363636363638 0.1 0.21428571428571427 31256 500010 
35 0.14767415792219282 1.1421470435585563 0.8705720901489258 0.94389766 0.6496063 0.6857143044471741 0.5903030303030303 0.21428571428571427 0.2 0.23076923076923078 78118 484370 
36 0.131446457343308 1.6786105032042256 1.4992496967315674 0.94586617 0.48425198 0.47857141494750977 0.6045454545454545 0.3652173913043478 0.7 0.24705882352941178 78117 484374 
37 0.1645777914233095 1.5090370234542005 1.319817066192627 0.9360236 0.5 0.4928571283817291 0.5984848484848484 0.36036036036036034 0.6666666666666666 0.24691358024691357 46868 484356 
38 0.11538745996754939 2.1217859598595328 1.9162235260009766 0.9537402 0.4566929 0.4285714328289032 0.5718181818181818 0.36507936507936506 0.7666666666666667 0.23958333333333334 93758 468734 
39 0.11065884648756248 2.1326236668534166 1.9580836296081543 0.95472443 0.4606299 0.4642857015132904 0.5766666666666667 0.36974789915966383 0.7333333333333333 0.24719101123595505 78906 453106 
2021-01-12 19:31:53 | add fc layer number: 5 fold
epoch train_loss vali_loss test_loss train_acc vali_acc test_acc test_auc test_f1 test_recall test_precision train_time test_time
0 0.6389555461763397 0.39913816738316393 0.4520164132118225 0.7677165 0.8307087 0.7571428418159485 0.796060606060606 0.32 0.26666666666666666 0.4 187479 593732 
1 0.3858896212314996 0.8077453586060231 0.87651526927948 0.8307087 0.48425198 0.4214285612106323 0.8521212121212122 0.4255319148936171 1.0 0.2702702702702703 62488 468746 
2 0.33480076632631106 0.6306825289576072 0.7069977521896362 0.8602362 0.61811024 0.5928571224212646 0.8312121212121212 0.5128205128205129 1.0 0.3448275862068966 15616 484373 
3 0.2782249173780126 0.552133072079636 0.6340291500091553 0.88385826 0.6889764 0.6571428775787354 0.7796969696969698 0.5294117647058825 0.9 0.375 999992 468729 
4 0.25092355824830964 1.0672718920106963 1.160365104675293 0.8887795 0.39763778 0.4357142746448517 0.8142424242424242 0.4316546762589928 1.0 0.27522935779816515 7 484377 
5 0.28163799056856653 0.5482424568003557 0.5918732285499573 0.8927165 0.72047246 0.6285714507102966 0.749090909090909 0.44680851063829785 0.7 0.328125 453112 499995 
6 0.29457542499688666 0.9649618436971049 1.0342624187469482 0.87007874 0.38976377 0.41428571939468384 0.8024242424242425 0.4225352112676056 1.0 0.26785714285714285 31242 468748 
7 0.26723706851324697 1.0265702891537523 1.1794838905334473 0.88779527 0.53543305 0.5428571701049805 0.7721212121212121 0.4754098360655738 0.9666666666666667 0.31521739130434784 62508 484374 
8 0.258096493252619 0.7815383616394884 0.8893658518791199 0.890748 0.62992126 0.5928571224212646 0.75 0.48648648648648646 0.9 0.3333333333333333 46869 499981 
9 0.24291256433866154 1.1253014258512362 1.2133595943450928 0.8996063 0.39370078 0.44285714626312256 0.7912121212121213 0.4347826086956522 1.0 0.2777777777777778 62510 484372 
10 0.23370770781528294 1.1798442165682634 1.2622601985931396 0.90649605 0.3464567 0.33571428060531616 0.8036363636363637 0.39215686274509803 1.0 0.24390243902439024 46867 468746 
11 0.24263947275210554 1.7663717307443694 1.8988145589828491 0.91240156 0.27952754 0.2571428716182709 0.7954545454545455 0.36585365853658536 1.0 0.22388059701492538 31255 468749 
12 0.2041816351216609 1.4690322913522795 1.6201938390731812 0.9222441 0.37795275 0.41428571939468384 0.7778787878787878 0.4225352112676056 1.0 0.26785714285714285 93723 499999 
13 0.22518607363926144 0.6638090009764424 0.7113249897956848 0.90255904 0.6771653 0.6000000238418579 0.7145454545454546 0.4285714285714286 0.7 0.3088235294117647 93740 500009 
14 0.22057704692046473 0.4634724935208719 0.4998069703578949 0.91043305 0.8307087 0.7642857432365417 0.7075757575757576 0.26666666666666666 0.2 0.4 46852 484372 
15 0.24372522075345196 1.6433129075943955 1.8426142930984497 0.8996063 0.35433072 0.3285714387893677 0.7709090909090909 0.38961038961038963 1.0 0.24193548387096775 78129 484374 
16 0.23107284817873963 2.333299919376223 2.5638129711151123 0.9094488 0.31496063 0.30000001192092896 0.813030303030303 0.379746835443038 1.0 0.234375 46849 484370 
17 0.2287454217907012 1.3816403648046058 1.6392991542816162 0.89862204 0.496063 0.5 0.7866666666666666 0.4615384615384615 1.0 0.3 93745 499996 
18 0.1624243044712412 3.3154921550450362 3.487797737121582 0.93503934 0.20472442 0.23571428656578064 0.7945454545454546 0.35928143712574856 1.0 0.21897810218978103 93728 468731 
19 0.1490029264388122 2.4047778028202806 2.630784749984741 0.9429134 0.3031496 0.30000001192092896 0.7678787878787878 0.379746835443038 1.0 0.234375 93742 499996 
20 0.16550415918583006 2.3606008356950414 2.6218438148498535 0.9320866 0.34251967 0.33571428060531616 0.7736363636363637 0.39215686274509803 1.0 0.24390243902439024 93750 531246 
21 0.18576317262931133 1.122608748007947 1.2680686712265015 0.9242126 0.57086617 0.550000011920929 0.7924242424242425 0.47058823529411764 0.9333333333333333 0.3146067415730337 46851 499983 
22 0.17643592095985186 1.01589989756036 1.107483983039856 0.9360236 0.6062992 0.5357142686843872 0.7524242424242424 0.3925233644859813 0.7 0.2727272727272727 78134 515625 
23 0.18343614170870443 1.833418777608496 1.9484405517578125 0.9212598 0.36220473 0.3857142925262451 0.7627272727272728 0.4109589041095891 1.0 0.25862068965517243 31241 484373 
24 0.17359682635998164 2.282896499934159 2.409348249435425 0.9251968 0.33858266 0.3214285671710968 0.7554545454545455 0.3870967741935484 1.0 0.24 109350 499996 
25 0.11258320595453104 2.2012522211225014 2.3071069717407227 0.95669293 0.37795275 0.37142857909202576 0.7736363636363637 0.4054054054054054 1.0 0.2542372881355932 93744 484371 
26 0.20174230652765965 2.9635024014420397 3.0846307277679443 0.9173228 0.2519685 0.25 0.7784848484848484 0.3636363636363636 1.0 0.2222222222222222 31259 453121 
27 0.17959452690336647 1.8684238420696708 1.9457379579544067 0.9192913 0.42519686 0.44285714626312256 0.7539393939393939 0.42647058823529416 0.9666666666666667 0.27358490566037735 124991 468749 
28 0.10882801231084846 2.5022688005852887 2.71591854095459 0.9557087 0.41732284 0.4000000059604645 0.7706060606060606 0.4166666666666667 1.0 0.2631578947368421 109375 515607 
29 0.11181947591853893 2.4494686652356243 2.688338041305542 0.96062994 0.42913386 0.4357142746448517 0.7533333333333332 0.4316546762589928 1.0 0.27522935779816515 156244 499996 
30 0.2237358076835242 1.6212594049183402 1.8729193210601807 0.91830707 0.515748 0.5071428418159485 0.7815151515151515 0.45669291338582674 0.9666666666666667 0.29896907216494845 15618 468747 
31 0.15332005413498465 1.9967223002216008 2.1939609050750732 0.9389764 0.4015748 0.41428571939468384 0.7466666666666666 0.4225352112676056 1.0 0.26785714285714285 31257 468747 
32 0.13965934315535028 2.089158337885939 2.3062515258789062 0.9478347 0.37007874 0.3642857074737549 0.7560606060606061 0.40268456375838924 1.0 0.25210084033613445 31258 468731 
33 0.1707424277102384 0.8387487526015034 0.8984832763671875 0.93503934 0.6496063 0.5857142806053162 0.7003030303030302 0.39583333333333337 0.6333333333333333 0.2878787878787879 15633 468735 
34 0.16387004804188812 2.489642422968947 2.6586802005767822 0.92913383 0.30708662 0.30714285373687744 0.76 0.38216560509554137 1.0 0.23622047244094488 78130 515607 
35 0.15553286214043774 0.6795820814418042 0.7210273742675781 0.94586617 0.71653545 0.6428571343421936 0.7093939393939394 0.41860465116279066 0.6 0.32142857142857145 93756 468749 
36 0.16372983063769153 2.52325829370754 2.718169689178467 0.9261811 0.33858266 0.3285714387893677 0.7445454545454545 0.38961038961038963 1.0 0.24193548387096775 78128 515623 
37 0.11446396267320227 2.009328750174815 2.185133695602417 0.9557087 0.41338584 0.4357142746448517 0.7660606060606061 0.4316546762589928 1.0 0.27522935779816515 62493 484370 
38 0.12440926341090615 1.2435023709544986 1.3665344715118408 0.9468504 0.5866142 0.550000011920929 0.7642424242424242 0.43243243243243246 0.8 0.2962962962962963 78116 484372 
39 0.09688909284359827 3.163698731444952 3.4856250286102295 0.9694882 0.35826772 0.33571428060531616 0.7972727272727272 0.39215686274509803 1.0 0.24390243902439024 140617 499982 
