2021-01-15 19:09:24 | add fc layer number: 1 fold
epoch train_loss vali_loss test_loss train_acc vali_acc test_acc test_auc test_f1 test_recall test_precision train_time test_time
0 0.591961807012558 0.471387072170482 0.4711015820503235 0.7427083 0.7823529 0.7844523191452026 0.7998080047260376 0.0 0.0 0.0 343665 961387 
1 0.44271243959665296 0.42238752421210796 0.4102242887020111 0.80104166 0.8235294 0.8162544369697571 0.8290503618372471 0.29729729729729726 0.18032786885245902 0.8461538461538461 111702 161624 
2 0.4128753880659739 0.4241136838408077 0.4519190788269043 0.82395834 0.84117645 0.7844523191452026 0.8501698419731207 0.5734265734265733 0.6721311475409836 0.5 85678 132641 
3 0.36864654421806337 0.3415305109585033 0.34996625781059265 0.84791666 0.87058824 0.8445229530334473 0.8819229065130705 0.5686274509803921 0.47540983606557374 0.7073170731707317 106688 185619 
4 0.3441010802984238 0.360348599097308 0.4022359549999237 0.85729164 0.86470586 0.833922266960144 0.9091714665485158 0.6845637583892618 0.8360655737704918 0.5795454545454546 132675 141633 
5 0.32948615700006484 0.29925516913918887 0.30752789974212646 0.8625 0.8882353 0.879858672618866 0.9154482351203663 0.7017543859649122 0.6557377049180327 0.7547169811320755 67700 174608 
6 0.3286096225182215 0.41156370990416585 0.4801750183105469 0.865625 0.7941176 0.7667844295501709 0.9208388716585438 0.6333333333333334 0.9344262295081968 0.4789915966386555 79695 139621 
7 0.33375316311915715 0.33161187583909313 0.3129187226295471 0.86875 0.84705883 0.8551236987113953 0.9203219613055678 0.5287356321839081 0.3770491803278688 0.8846153846153846 64700 136636 
8 0.287662406762441 0.4871535680311568 0.4529201090335846 0.884375 0.8352941 0.8162544369697571 0.9280756166002067 0.2571428571428572 0.14754098360655737 1.0 74699 151632 
9 0.3427842497825623 0.30190773325807907 0.2806043326854706 0.8666667 0.87058824 0.8833922147750854 0.92512184315463 0.6666666666666666 0.5409836065573771 0.868421052631579 46691 150647 
10 0.26854361643393837 0.2661488687290865 0.2917468249797821 0.89270836 0.9 0.8657243847846985 0.9308078570373652 0.703125 0.7377049180327869 0.6716417910447762 54705 154629 
11 0.27226337070266404 0.4319220314569333 0.3966282308101654 0.89375 0.8352941 0.8409894108772278 0.9327278097769901 0.41558441558441556 0.26229508196721313 1.0 59684 165630 
12 0.3331516529122988 0.308347264808767 0.30355167388916016 0.86145836 0.87647057 0.9010600447654724 0.9301432580121105 0.7254901960784315 0.6065573770491803 0.9024390243902439 154671 155629 
13 0.28480371286471684 0.2928927943110466 0.270364373922348 0.87604165 0.87647057 0.8833922147750854 0.9334662531383843 0.6597938144329897 0.5245901639344263 0.8888888888888888 85692 158618 
14 0.2639074017604192 0.2684842899441719 0.2556895315647125 0.89375 0.8882353 0.8975265026092529 0.9362723379116822 0.7289719626168225 0.639344262295082 0.8478260869565217 88692 199617 
15 0.26726363400618236 0.28487842503715965 0.3191400170326233 0.89270836 0.8882353 0.8657243847846985 0.9374538472899128 0.7246376811594203 0.819672131147541 0.6493506493506493 108688 150617 
16 0.2584750257432461 0.26134824016514946 0.3114161193370819 0.90833336 0.89411765 0.8657243847846985 0.9356077388864275 0.7285714285714285 0.8360655737704918 0.6455696202531646 117685 149629 
17 0.27274012193083763 0.24962713595698863 0.2810303270816803 0.90208334 0.9 0.879858672618866 0.9375276916260523 0.7424242424242424 0.8032786885245902 0.6901408450704225 60700 202577 
18 0.3062884363035361 0.32201346071327436 0.3114939033985138 0.88854164 0.84705883 0.8586572408676147 0.9384876679958647 0.5121951219512195 0.3442622950819672 1.0 51699 150636 
19 0.2470901829500993 0.28628562973702654 0.25340649485588074 0.9166667 0.87058824 0.8975265026092529 0.9390045783488407 0.7128712871287128 0.5901639344262295 0.9 146672 165609 
20 0.31947427093982694 0.34389382758561304 0.3292538523674011 0.87604165 0.84117645 0.8409894108772278 0.9401122433909319 0.41558441558441556 0.26229508196721313 1.0 68701 151617 
21 0.2562627856930097 0.24755749421961168 0.2725488543510437 0.8979167 0.9 0.8833922147750854 0.9384138236597253 0.7480916030534351 0.8032786885245902 0.7 78706 212616 
22 0.29499374454220134 0.4130121761385132 0.3844631612300873 0.8875 0.8352941 0.833922266960144 0.9390045783488405 0.37333333333333335 0.22950819672131148 1.0 81690 143623 
23 0.2608663956324259 0.3193711556494236 0.26861900091171265 0.8979167 0.87058824 0.8904593586921692 0.9408506867523261 0.6804123711340206 0.5409836065573771 0.9166666666666666 108689 152617 
24 0.22771398027737935 0.24678451445172814 0.24137772619724274 0.9145833 0.90588236 0.9045936465263367 0.9407029980800472 0.7692307692307693 0.7377049180327869 0.8035714285714286 107687 162627 
25 0.21839564455052216 0.23955767312470605 0.2754423916339874 0.915625 0.9 0.8833922147750854 0.9412937527691626 0.7480916030534351 0.8032786885245902 0.7 94690 207614 
26 0.24854445258776348 0.25022616281228904 0.2687000632286072 0.9010417 0.90588236 0.8904593586921692 0.9423275734751144 0.7519999999999999 0.7704918032786885 0.734375 97677 149665 
27 0.23599819242954254 0.2717908363570185 0.2373695820569992 0.90416664 0.8882353 0.9081271886825562 0.9428444838280904 0.7547169811320755 0.6557377049180327 0.8888888888888888 153690 154612 
28 0.20223992417256037 0.2284872492446619 0.24038200080394745 0.921875 0.9117647 0.8939929604530334 0.9440259932063211 0.7457627118644067 0.7213114754098361 0.7719298245614035 83691 203600 
29 0.22115897238254548 0.23594028678010492 0.24766281247138977 0.91979164 0.90588236 0.9010600447654724 0.9435829271894847 0.7704918032786885 0.7704918032786885 0.7704918032786885 178663 154618 
30 0.22769341468811036 0.2634197224588955 0.31793054938316345 0.90416664 0.89411765 0.869257926940918 0.9435090828533452 0.7375886524822695 0.8524590163934426 0.65 137676 148633 
31 0.20229073315858842 0.3591197601793443 0.30520305037498474 0.9302083 0.85882354 0.8833922147750854 0.9402599320632108 0.6292134831460674 0.45901639344262296 1.0 87691 164618 
32 0.22893755324184895 0.2720063610111966 0.2321612387895584 0.915625 0.87647057 0.9081271886825562 0.9477920543494314 0.75 0.639344262295082 0.9069767441860465 164671 151633 
33 0.2125581110517184 0.31480227884124307 0.374193400144577 0.92604166 0.87647057 0.8480565547943115 0.9449121252399941 0.7189542483660131 0.9016393442622951 0.5978260869565217 217650 159626 
34 0.22113834023475648 0.33826628741534315 0.27446237206459045 0.91770834 0.87058824 0.8975265026092529 0.9457244129375277 0.6947368421052632 0.5409836065573771 0.9705882352941176 135681 160625 
35 0.203460427125295 0.24701085441252765 0.2937106192111969 0.91979164 0.90588236 0.879858672618866 0.9476443656771526 0.7462686567164178 0.819672131147541 0.684931506849315 160670 149620 
36 0.2085487941900889 0.251002844160094 0.22980591654777527 0.925 0.90588236 0.9081271886825562 0.947348988332595 0.7719298245614035 0.7213114754098361 0.8301886792452831 183663 188619 
37 0.19582915256420771 0.23879573099753437 0.2802065312862396 0.9302083 0.9235294 0.8763250708580017 0.9491950967360804 0.7407407407407408 0.819672131147541 0.6756756756756757 170666 144620 
38 0.2026049219071865 0.29735342794481445 0.23998689651489258 0.928125 0.88235295 0.9045936465263367 0.947718210013292 0.7378640776699029 0.6229508196721312 0.9047619047619048 153672 194616 
39 0.19712438359856604 0.244032202222768 0.2715183198451996 0.92291665 0.91764706 0.8869258165359497 0.9505242947865898 0.7500000000000001 0.7868852459016393 0.7164179104477612 203655 168613 
2021-01-15 19:13:02 | add fc layer number: 2 fold
epoch train_loss vali_loss test_loss train_acc vali_acc test_acc test_auc test_f1 test_recall test_precision train_time test_time
0 0.6621091653903325 0.5062530514071969 0.4840444326400757 0.7125 0.7705882 0.7879858613014221 0.8014947683109118 0.0 0.0 0.0 927418 290575 
1 0.475416291753451 0.4389492357478422 0.42882540822029114 0.79270834 0.7764706 0.7950530052185059 0.8134529147982063 0.06451612903225806 0.03333333333333333 1.0 141677 169613 
2 0.42541276613871254 0.3836634940960828 0.38416725397109985 0.81666666 0.8235294 0.8303886651992798 0.835949177877429 0.3684210526315789 0.23333333333333334 0.875 286628 143620 
3 0.3868415186802546 0.33883765935897825 0.34449607133865356 0.840625 0.87647057 0.8833922147750854 0.8665171898355755 0.6732673267326732 0.5666666666666667 0.8292682926829268 173666 175612 
4 0.3422123819589615 0.37995098355938406 0.37655875086784363 0.85520834 0.82941175 0.8480565547943115 0.8858744394618835 0.4556962025316456 0.3 0.9473684210526315 162668 215609 
5 0.315815865000089 0.3121460307170363 0.31510064005851746 0.8677083 0.85294116 0.8621907830238342 0.9029895366218236 0.5617977528089887 0.4166666666666667 0.8620689655172413 116687 177606 
6 0.29529403696457546 0.2971572081832325 0.3038839101791382 0.890625 0.88235295 0.8727915287017822 0.905829596412556 0.625 0.5 0.8333333333333334 197667 183612 
7 0.29251254921158154 0.2754479211919448 0.2880486845970154 0.88645834 0.8882353 0.8939929604530334 0.9071001494768312 0.7115384615384616 0.6166666666666667 0.8409090909090909 153669 205616 
8 0.30480248828728995 0.2808268326170304 0.28558704257011414 0.8854167 0.8882353 0.8939929604530334 0.9118834080717488 0.7058823529411764 0.6 0.8571428571428571 157673 161624 
9 0.28354167292515436 0.29557268514352686 0.3017570674419403 0.884375 0.89411765 0.879858672618866 0.9119581464872945 0.7166666666666667 0.7166666666666667 0.7166666666666667 147674 182617 
10 0.2542331619809071 0.2673084177515086 0.2788335084915161 0.89479166 0.8882353 0.8904593586921692 0.9181614349775785 0.7047619047619048 0.6166666666666667 0.8222222222222222 146674 213615 
11 0.2768503082295259 0.3944906840429587 0.37210342288017273 0.8854167 0.82941175 0.851590096950531 0.9220478325859491 0.4615384615384615 0.3 1.0 194658 154635 
12 0.2517118493715922 0.2710788505918839 0.2826550304889679 0.909375 0.90588236 0.8939929604530334 0.917862481315396 0.7368421052631577 0.7 0.7777777777777778 118685 164626 
13 0.2533488593995571 0.2998512644978131 0.30385342240333557 0.903125 0.88235295 0.879858672618866 0.9261584454409566 0.6458333333333335 0.5166666666666667 0.8611111111111112 147669 236589 
14 0.24990722785393396 0.258055045587175 0.2679121494293213 0.89479166 0.9 0.8939929604530334 0.9249626307922272 0.7169811320754716 0.6333333333333333 0.8260869565217391 160671 165616 
15 0.28601355974872905 0.2823606913580614 0.27721646428108215 0.890625 0.8882353 0.8833922147750854 0.9249626307922272 0.6597938144329898 0.5333333333333333 0.8648648648648649 138672 175625 
16 0.23551889322698116 0.3569188678965849 0.3474057912826538 0.9010417 0.85882354 0.869257926940918 0.9267563527653213 0.5647058823529413 0.4 0.96 179660 175609 
17 0.29051975210507713 0.36094782562816846 0.33327779173851013 0.878125 0.8235294 0.8551236987113953 0.9296711509715994 0.4810126582278481 0.31666666666666665 1.0 168671 159613 
18 0.25367707510789234 0.26905787758090915 0.27935871481895447 0.9010417 0.89411765 0.8975265026092529 0.9278774289985051 0.7238095238095237 0.6333333333333333 0.8444444444444444 141677 172630 
19 0.22988885963956515 0.25557837354786256 0.260505735874176 0.9135417 0.90588236 0.8975265026092529 0.9324364723467862 0.7238095238095237 0.6333333333333333 0.8444444444444444 164653 167629 
20 0.2255796122054259 0.38955533820040084 0.3807953894138336 0.9125 0.84117645 0.8374558091163635 0.9304185351270553 0.6933333333333332 0.8666666666666667 0.5777777777777777 167669 156630 
21 0.267930281162262 0.2855114413973163 0.2847069799900055 0.896875 0.8882353 0.8833922147750854 0.9320627802690583 0.6597938144329898 0.5333333333333333 0.8648648648648649 186660 178624 
22 0.22870632683237394 0.26079527599846614 0.2636162340641022 0.9114583 0.8882353 0.8939929604530334 0.9334828101644246 0.7058823529411764 0.6 0.8571428571428571 182664 168616 
23 0.20867211769024532 0.2624929746284204 0.2687096893787384 0.9166667 0.9 0.9045936465263367 0.9366965620328849 0.7428571428571429 0.65 0.8666666666666667 159671 186604 
24 0.26601469951371354 0.2904759934719871 0.28327879309654236 0.890625 0.91764706 0.8975265026092529 0.9417787742899851 0.7521367521367521 0.7333333333333333 0.7719298245614035 103694 157624 
25 0.2616889201104641 0.27995988099890595 0.2716245949268341 0.896875 0.8882353 0.8869258165359497 0.9381913303437966 0.673469387755102 0.55 0.868421052631579 145671 161618 
26 0.2274369977414608 0.24994847949813395 0.25083211064338684 0.915625 0.90588236 0.9045936465263367 0.940134529147982 0.7476635514018691 0.6666666666666666 0.851063829787234 176663 153614 
27 0.24295441483457883 0.2494741982396911 0.24191580712795258 0.91041666 0.90588236 0.9081271886825562 0.9420777279521675 0.7547169811320754 0.6666666666666666 0.8695652173913043 184662 166609 
28 0.23075189143419267 0.2558387229547781 0.2599586844444275 0.9010417 0.9117647 0.8975265026092529 0.9372197309417041 0.7521367521367521 0.7333333333333333 0.7719298245614035 147690 177621 
29 0.25203560988108314 0.2671972036799964 0.25298961997032166 0.8979167 0.8882353 0.8833922147750854 0.9435724962630792 0.6666666666666667 0.55 0.8461538461538461 149672 178621 
30 0.20560381064812341 0.26331880596630713 0.26000404357910156 0.91875 0.9 0.9010600447654724 0.9423019431988042 0.7307692307692307 0.6333333333333333 0.8636363636363636 132681 180618 
31 0.23732357372840246 0.2565303784959457 0.25116264820098877 0.90729165 0.9117647 0.8975265026092529 0.9436472346786249 0.7521367521367521 0.7333333333333333 0.7719298245614035 128676 179625 
32 0.2141338552037875 0.2531591377714101 0.24849118292331696 0.9114583 0.90588236 0.9045936465263367 0.9452167414050822 0.7428571428571429 0.65 0.8666666666666667 150671 177626 
33 0.19418594067295392 0.25072400228065606 0.24005219340324402 0.9302083 0.9 0.9081271886825562 0.9470104633781764 0.7547169811320754 0.6666666666666666 0.8695652173913043 146672 192620 
34 0.19557235079507032 0.24345370872932323 0.2460312843322754 0.92395836 0.91764706 0.9081271886825562 0.9473094170403586 0.7678571428571429 0.7166666666666667 0.8269230769230769 174667 178609 
35 0.23250743336975574 0.2826354860821191 0.26008662581443787 0.915625 0.8882353 0.8904593586921692 0.9480568011958146 0.6666666666666667 0.5166666666666667 0.9393939393939394 168668 152616 
36 0.19593893761436146 0.2465884321314447 0.2551789879798889 0.9270833 0.90588236 0.9010600447654724 0.9435724962630793 0.7586206896551724 0.7333333333333333 0.7857142857142857 152672 187637 
37 0.19518734489878017 0.24346160248798482 0.23900611698627472 0.9291667 0.90588236 0.9010600447654724 0.9494768310911809 0.7586206896551724 0.7333333333333333 0.7857142857142857 168670 179623 
38 0.2355691815416018 0.2720765383804546 0.26748839020729065 0.90729165 0.9117647 0.8939929604530334 0.9464125560538117 0.761904761904762 0.8 0.7272727272727273 110686 183606 
39 0.20285359844565393 0.296090491028393 0.2968974709510803 0.92291665 0.8882353 0.8727915287017822 0.945067264573991 0.7313432835820896 0.8166666666666667 0.6621621621621622 183662 196605 
2021-01-15 19:16:39 | add fc layer number: 3 fold
epoch train_loss vali_loss test_loss train_acc vali_acc test_acc test_auc test_f1 test_recall test_precision train_time test_time
0 0.6131739844878514 0.457625217998729 0.4756661057472229 0.7416667 0.7823529 0.7879858613014221 0.7562032884902841 0.0 0.0 0.0 265314 298587 
1 0.4469297508398692 0.42665796016945556 0.45375701785087585 0.815625 0.7941176 0.8021201491355896 0.7905829596412556 0.15151515151515152 0.08333333333333333 0.8333333333333334 137676 190604 
2 0.41472765455643334 0.3592618258560405 0.4123273193836212 0.81875 0.85882354 0.8409894108772278 0.8233183856502243 0.5794392523364487 0.5166666666666667 0.6595744680851063 190679 178607 
3 0.3850818415482839 0.36036873985739315 0.37473398447036743 0.834375 0.81764704 0.8480565547943115 0.8551569506726457 0.4556962025316456 0.3 0.9473684210526315 158650 157650 
4 0.37060212045907975 0.3035660396603977 0.3440433740615845 0.8520833 0.88235295 0.8621907830238342 0.871898355754858 0.6486486486486486 0.6 0.7058823529411765 198654 176628 
5 0.3869592954715093 0.31898746420355406 0.3481185734272003 0.84479165 0.8882353 0.8763250708580017 0.8840807174887891 0.6846846846846847 0.6333333333333333 0.7450980392156863 194662 175620 
6 0.31812193989753723 0.293593868700897 0.2914524972438812 0.8802083 0.87058824 0.8763250708580017 0.9019431988041854 0.631578947368421 0.5 0.8571428571428571 137657 221611 
7 0.2989663948615392 0.29441157198127577 0.27739620208740234 0.86875 0.85294116 0.8763250708580017 0.9159940209267564 0.6236559139784946 0.48333333333333334 0.8787878787878788 125680 163615 
8 0.3267984792590141 0.2771680763539146 0.28266894817352295 0.86875 0.9 0.9010600447654724 0.9141255605381167 0.75 0.7 0.8076923076923077 140675 169615 
9 0.2548085168004036 0.2890562513295342 0.27788475155830383 0.89479166 0.87647057 0.9116607904434204 0.9204035874439461 0.7933884297520661 0.8 0.7868852459016393 111682 171625 
10 0.2939630960424741 0.2662091244231252 0.2645523250102997 0.878125 0.9 0.9081271886825562 0.9162929745889387 0.7678571428571429 0.7166666666666667 0.8269230769230769 150672 166632 
11 0.27880783130725223 0.46590156753492706 0.4248162508010864 0.871875 0.8235294 0.8445229530334473 0.9201793721973094 0.4210526315789474 0.26666666666666666 1.0 169664 167628 
12 0.3160027236988147 0.3009102100835127 0.2858703136444092 0.8677083 0.85294116 0.8763250708580017 0.9177130044843049 0.6067415730337079 0.45 0.9310344827586207 123666 132640 
13 0.29585794707139335 0.3423011653563556 0.3206580579280853 0.8833333 0.84117645 0.869257926940918 0.9218236173393124 0.5542168674698795 0.38333333333333336 1.0 138680 189606 
14 0.3048254266381264 0.2754024702398216 0.2668689489364624 0.878125 0.88235295 0.8904593586921692 0.9196562032884904 0.6930693069306931 0.5833333333333334 0.8536585365853658 148672 160629 
15 0.25097317695617677 0.2644898859017036 0.2586309313774109 0.8989583 0.90588236 0.9081271886825562 0.9199551569506726 0.7678571428571429 0.7166666666666667 0.8269230769230769 113683 190619 
16 0.23320096010963123 0.2705523398869178 0.24937932193279266 0.90625 0.89411765 0.9081271886825562 0.9233931240657698 0.7636363636363636 0.7 0.84 147676 205598 
17 0.22347730944554012 0.2658898416687461 0.24799147248268127 0.90833336 0.90588236 0.9116607904434204 0.9218236173393124 0.7787610619469026 0.7333333333333333 0.8301886792452831 194659 164631 
18 0.23025371233622233 0.3151707486413858 0.29080304503440857 0.90729165 0.86470586 0.8869258165359497 0.9222720478325859 0.6521739130434783 0.5 0.9375 161654 174638 
19 0.226495465139548 0.2631423010545618 0.25145095586776733 0.91041666 0.9117647 0.9081271886825562 0.9207772795216742 0.7758620689655172 0.75 0.8035714285714286 123678 261584 
20 0.2603522834678491 0.3782292038640555 0.3545113205909729 0.9 0.8235294 0.8480565547943115 0.9230941704035874 0.4415584415584416 0.2833333333333333 1.0 257653 216608 
21 0.24324051265915234 0.27890412114998875 0.2828681468963623 0.9010417 0.8882353 0.9151943325996399 0.9208520179372197 0.8095238095238095 0.85 0.7727272727272727 111670 186622 
22 0.21550330022970834 0.2662470136933467 0.24740980565547943 0.9114583 0.90588236 0.9151943325996399 0.922645739910314 0.793103448275862 0.7666666666666667 0.8214285714285714 149673 174628 
23 0.18994336649775506 0.2844945023274597 0.25886303186416626 0.91770834 0.90588236 0.8869258165359497 0.9232436472346786 0.6923076923076923 0.6 0.8181818181818182 155671 176625 
24 0.2422164353231589 0.26033364683389665 0.2485864907503128 0.90520835 0.90588236 0.9045936465263367 0.9210014947683108 0.7522935779816514 0.6833333333333333 0.8367346938775511 94677 203614 
25 0.19774518311023712 0.3799800092683119 0.4252643883228302 0.9270833 0.87058824 0.8091872930526733 0.9213004484304933 0.6625 0.8833333333333333 0.53 155672 154625 
26 0.21857505291700363 0.555122661081088 0.5147889852523804 0.9166667 0.81764704 0.8303886651992798 0.9254110612855007 0.33333333333333337 0.2 1.0 141676 190605 
27 0.2875438873966535 0.2758953836910865 0.29599618911743164 0.884375 0.8882353 0.9081271886825562 0.9203288490284006 0.7968749999999999 0.85 0.75 185650 224621 
28 0.20541706072787444 0.26405061842764127 0.26734840869903564 0.92291665 0.9117647 0.9081271886825562 0.9209267563527654 0.7868852459016393 0.8 0.7741935483870968 216639 160638 
29 0.23327950810392697 0.3252492766169941 0.3011891841888428 0.9145833 0.86470586 0.8833922147750854 0.9239910313901346 0.6292134831460675 0.4666666666666667 0.9655172413793104 140680 164615 
30 0.1757489487528801 0.27676754887489713 0.2624277174472809 0.93541664 0.9 0.9116607904434204 0.9233931240657698 0.7967479674796747 0.8166666666666667 0.7777777777777778 174649 193619 
31 0.17971180155873298 0.272147108439137 0.2632821500301361 0.9322917 0.90588236 0.9116607904434204 0.923168908819133 0.7933884297520661 0.8 0.7868852459016393 179664 168626 
32 0.21245809843142827 0.30696442626854953 0.322104811668396 0.9135417 0.86470586 0.8904593586921692 0.9228699551569507 0.7737226277372263 0.8833333333333333 0.6883116883116883 128683 174608 
33 0.17180282945434253 0.28289271628155427 0.25763535499572754 0.93854165 0.90588236 0.8975265026092529 0.9247384155455904 0.7339449541284403 0.6666666666666666 0.8163265306122449 95689 207603 
34 0.18005807188649972 0.2705332086805035 0.25506049394607544 0.9302083 0.91764706 0.9081271886825562 0.9238415545590433 0.7796610169491527 0.7666666666666667 0.7931034482758621 222650 178612 
35 0.16634776468078297 0.33462333205320377 0.3071129620075226 0.940625 0.88235295 0.8939929604530334 0.9248878923766816 0.6938775510204083 0.5666666666666667 0.8947368421052632 139673 199617 
36 0.18974278233945369 0.28870003442553915 0.3149109482765198 0.928125 0.87058824 0.8975265026092529 0.9226457399103138 0.7819548872180451 0.8666666666666667 0.7123287671232876 132663 164628 
37 0.20320486153165498 0.2934445043477942 0.27601295709609985 0.91875 0.9 0.8939929604530334 0.9254857997010463 0.7058823529411764 0.6 0.8571428571428571 164669 190622 
38 0.2313112144668897 0.2845134148702902 0.2725916802883148 0.90520835 0.87647057 0.8975265026092529 0.9248878923766816 0.7010309278350515 0.5666666666666667 0.918918918918919 165667 180608 
39 0.21195405100782713 0.26600599356872195 0.25466084480285645 0.91041666 0.90588236 0.9010600447654724 0.9224962630792226 0.7407407407407408 0.6666666666666666 0.8333333333333334 143661 173611 
2021-01-15 19:20:21 | add fc layer number: 4 fold
epoch train_loss vali_loss test_loss train_acc vali_acc test_acc test_auc test_f1 test_recall test_precision train_time test_time
0 0.5983137454252213 0.42837256263284124 0.45358309149742126 0.74921954 0.8117647 0.7872340679168701 0.7798798798798798 0.0 0.0 0.0 458241 237285 
1 0.48307074752173984 0.4422972002450158 0.5026394724845886 0.7658689 0.8117647 0.7872340679168701 0.7944444444444444 0.0 0.0 0.0 224648 150615 
2 0.4268738064880054 0.36299571149489457 0.41200941801071167 0.8147763 0.8235294 0.8297872543334961 0.8188438438438438 0.33333333333333337 0.2 1.0 256641 175622 
3 0.4492093420177543 0.352236386607675 0.3846612572669983 0.8147763 0.8352941 0.8404255509376526 0.828078078078078 0.4155844155844156 0.26666666666666666 0.9411764705882353 289632 169626 
4 0.36397260976383516 0.31657116237808675 0.3419763445854187 0.842872 0.86470586 0.8652482032775879 0.8636636636636636 0.5581395348837209 0.4 0.9230769230769231 250629 163629 
5 0.3316562191876859 1.0889506199780632 0.944948136806488 0.8688866 0.5235294 0.5460993051528931 0.8837837837837837 0.4666666666666667 0.9333333333333333 0.3111111111111111 281620 189607 
6 0.43493741239798056 0.30064110896166635 0.3271353244781494 0.8147763 0.85294116 0.868794322013855 0.8784534534534535 0.5747126436781609 0.4166666666666667 0.9259259259259259 340614 158619 
7 0.3104692046277605 0.6529253742274116 0.5380627512931824 0.8740895 0.65882355 0.7127659320831299 0.8982732732732732 0.5714285714285715 0.9 0.4186046511627907 238632 139650 
8 0.3366761925193199 0.30143308657057144 0.2895926237106323 0.8563996 0.88235295 0.8794326186180115 0.9007507507507507 0.6792452830188679 0.6 0.782608695652174 281629 154617 
9 0.3244643865034961 0.2811855032163508 0.3059437572956085 0.85848075 0.85882354 0.868794322013855 0.900075075075075 0.5747126436781609 0.4166666666666667 0.9259259259259259 254639 213600 
10 0.27921901049400594 0.2844952266005909 0.34867063164711 0.89490116 0.87058824 0.8617021441459656 0.9096846846846847 0.5185185185185185 0.35 1.0 228647 150632 
11 0.30583744117957185 0.30171744718271143 0.366624653339386 0.87617064 0.87058824 0.847517728805542 0.9126126126126126 0.4415584415584416 0.2833333333333333 1.0 228650 171608 
12 0.2745509206178781 0.2675700457657085 0.2739362418651581 0.89282 0.89411765 0.8971630930900574 0.9154654654654655 0.7010309278350515 0.5666666666666667 0.918918918918919 268635 164618 
13 0.2507549855047905 0.2652851767399732 0.30003535747528076 0.9032258 0.87647057 0.890070915222168 0.9182432432432432 0.6593406593406593 0.5 0.967741935483871 217651 162615 
14 0.24982153042049984 0.2830596881754258 0.34812021255493164 0.90010405 0.87058824 0.8581560254096985 0.9218468468468468 0.5121951219512195 0.35 0.9545454545454546 220652 188603 
15 0.32915946546628 0.6178093251060037 0.45690199732780457 0.880333 0.7117647 0.7978723645210266 0.9172672672672672 0.6545454545454545 0.9 0.5142857142857142 260633 168623 
16 0.4584941817495999 0.34540770053863523 0.3641173839569092 0.78563994 0.87058824 0.8368794322013855 0.909009009009009 0.37837837837837834 0.23333333333333334 1.0 205654 198601 
17 0.32458496946186355 0.48108113127596236 0.3961101770401001 0.85848075 0.7470588 0.8333333134651184 0.9125375375375375 0.6887417218543047 0.8666666666666667 0.5714285714285714 271634 166612 
18 0.2722370647801073 0.26644914413199705 0.2659100294113159 0.8865765 0.90588236 0.8971630930900574 0.9188438438438438 0.7238095238095237 0.6333333333333333 0.8444444444444444 270633 173631 
19 0.2498925140458978 0.2580803103306714 0.3033822178840637 0.90738815 0.8882353 0.8865247964859009 0.9201951951951952 0.6444444444444445 0.48333333333333334 0.9666666666666667 230648 161614 
20 0.3235369138303334 0.3308098228538738 0.2984074056148529 0.8616025 0.9117647 0.8936170339584351 0.9203453453453454 0.7368421052631577 0.7 0.7777777777777778 239645 160625 
21 0.2593558487965959 0.3399269517730264 0.2704795002937317 0.9011446 0.8882353 0.9042553305625916 0.921996996996997 0.7768595041322314 0.7833333333333333 0.7704918032786885 248645 200600 
22 0.2411591142036106 0.31051949963850134 0.2536858916282654 0.9032258 0.90588236 0.9042553305625916 0.9247747747747748 0.7692307692307692 0.75 0.7894736842105263 258642 155614 
23 0.225409800791483 0.26170730748597315 0.2657792568206787 0.9167534 0.90588236 0.890070915222168 0.927927927927928 0.6736842105263158 0.5333333333333333 0.9142857142857143 235643 199617 
24 0.22161813738535893 0.2567574208273607 0.2833327054977417 0.91987514 0.8882353 0.8971630930900574 0.9298048048048048 0.6881720430107527 0.5333333333333333 0.9696969696969697 272634 167619 
25 0.24387380034196637 0.2622607115437003 0.3169555366039276 0.8907388 0.87647057 0.8794326186180115 0.9321321321321321 0.6136363636363636 0.45 0.9642857142857143 233648 178611 
26 0.25016884688330615 0.3014136202195111 0.24440015852451324 0.9011446 0.9 0.914893627166748 0.9303303303303303 0.7894736842105262 0.75 0.8333333333333334 256639 161627 
27 0.23156061294051536 0.28398827454623055 0.24198217689990997 0.91259104 0.90588236 0.8936170339584351 0.9303303303303303 0.7169811320754716 0.6333333333333333 0.8260869565217391 247645 164625 
28 0.22126696547386734 0.2669685311177198 0.2546203136444092 0.91155046 0.9 0.8936170339584351 0.9312312312312312 0.6938775510204083 0.5666666666666667 0.8947368421052632 242645 179608 
29 0.2274284590380683 0.315170351897969 0.24411854147911072 0.9167534 0.8882353 0.914893627166748 0.9334084084084083 0.7894736842105262 0.75 0.8333333333333334 242647 164609 
30 0.21372769951324186 0.5212816974695991 0.33938026428222656 0.9229969 0.7882353 0.8652482032775879 0.9323573573573574 0.7285714285714286 0.85 0.6375 237647 214593 
31 0.2635591388617048 0.27726014905116136 0.24391241371631622 0.8969823 0.90588236 0.9007092118263245 0.9323573573573575 0.7254901960784315 0.6166666666666667 0.8809523809523809 264636 175611 
32 0.35543356744357374 0.49201923889272353 0.3851533532142639 0.85015607 0.7705882 0.8439716100692749 0.9262012012012011 0.7027027027027029 0.8666666666666667 0.5909090909090909 240644 166617 
33 0.2987036891863076 0.2785074742401347 0.24907970428466797 0.8730489 0.9 0.8936170339584351 0.9237237237237238 0.7058823529411764 0.6 0.8571428571428571 259637 158615 
34 0.22081971956217325 0.3403401388841517 0.4365391731262207 0.9229969 0.87058824 0.8510638475418091 0.9315315315315315 0.4615384615384615 0.3 1.0 234649 147616 
35 0.33106914196748766 0.3157763852792628 0.26054802536964417 0.86680543 0.90588236 0.9078013896942139 0.9284534534534534 0.7678571428571429 0.7166666666666667 0.8269230769230769 256637 205614 
36 0.3037860528115303 0.32947307965334727 0.26746660470962524 0.8792924 0.9 0.911347508430481 0.921996996996997 0.7826086956521738 0.75 0.8181818181818182 247645 173608 
37 0.22716447819532143 0.7570518199135275 0.5256049633026123 0.9136316 0.6882353 0.7765957713127136 0.922972972972973 0.6227544910179641 0.8666666666666667 0.48598130841121495 249654 173609 
38 0.3118705505604054 0.2612413211780436 0.2509981393814087 0.8740895 0.9 0.9007092118263245 0.9294294294294294 0.7200000000000001 0.6 0.9 243645 194617 
39 0.2149681121258222 0.29845810076769663 0.24197974801063538 0.9209157 0.90588236 0.9078013896942139 0.9312312312312312 0.7678571428571429 0.7166666666666667 0.8269230769230769 245640 181607 
2021-01-15 19:24:02 | add fc layer number: 5 fold
epoch train_loss vali_loss test_loss train_acc vali_acc test_acc test_auc test_f1 test_recall test_precision train_time test_time
0 0.6444224734460154 0.4530047858462614 0.465225487947464 0.723205 0.80588233 0.7872340679168701 0.8226726726726726 0.0 0.0 0.0 342293 295587 
1 0.5086258460189004 0.422168925930472 0.43242502212524414 0.7700312 0.80588233 0.7907801270484924 0.8279279279279279 0.03278688524590164 0.016666666666666666 1.0 301628 178619 
2 0.4321669090798941 0.4229188326527091 0.42355450987815857 0.81061393 0.82941175 0.804964542388916 0.8537537537537538 0.5132743362831859 0.48333333333333334 0.5471698113207547 238647 158617 
3 0.4807480646997039 0.3869515243698569 0.3975106477737427 0.7773153 0.8117647 0.8120567202568054 0.8656156156156157 0.208955223880597 0.11666666666666667 1.0 292610 175639 
4 0.3901114441942846 0.37551147481974434 0.3725211024284363 0.83870965 0.84705883 0.826241135597229 0.880930930930931 0.5882352941176471 0.5833333333333334 0.5932203389830508 295627 137635 
5 0.35856608148861935 0.3385772705078125 0.34646856784820557 0.84703434 0.85294116 0.8439716100692749 0.9053303303303304 0.45000000000000007 0.3 0.9 276616 166646 
6 0.3975771581298603 0.3707541132674498 0.38276538252830505 0.82622266 0.82941175 0.8120567202568054 0.9125375375375375 0.208955223880597 0.11666666666666667 1.0 229645 159635 
7 0.37869386250127984 0.35453876607558305 0.3445499837398529 0.8439126 0.86470586 0.8404255509376526 0.9132132132132131 0.6456692913385826 0.6833333333333333 0.6119402985074627 296624 216615 
8 0.3089975660064032 0.28854553629370294 0.2859973907470703 0.8772112 0.85882354 0.868794322013855 0.9206456456456457 0.6105263157894737 0.48333333333333334 0.8285714285714286 222651 159626 
9 0.2949581581800711 0.4374111610300401 0.40499740839004517 0.8813736 0.80588233 0.8085106611251831 0.9267267267267267 0.6707317073170732 0.9166666666666666 0.5288461538461539 243647 173605 
10 0.35697739725616545 0.29764507798587575 0.30273497104644775 0.85327786 0.87058824 0.8617021441459656 0.9324324324324323 0.5411764705882353 0.38333333333333336 0.92 250643 149633 
11 0.2943963480495017 0.2730371643515194 0.27115383744239807 0.8907388 0.8882353 0.8865247964859009 0.934084084084084 0.6862745098039216 0.5833333333333334 0.8333333333333334 235657 171626 
12 0.2690608646646995 0.4318681758992812 0.3905995488166809 0.8855359 0.8117647 0.8156028389930725 0.9337087087087086 0.6790123456790124 0.9166666666666666 0.5392156862745098 250641 196617 
13 0.29219287661806476 0.29751589754048513 0.3085543215274811 0.88241416 0.86470586 0.8652482032775879 0.937012012012012 0.5581395348837209 0.4 0.9230769230769231 240643 151629 
14 0.27185939838499235 0.2719333150807549 0.258807897567749 0.89594173 0.8882353 0.8865247964859009 0.9368618618618618 0.709090909090909 0.65 0.78 243644 215595 
15 0.2653095629982046 0.28625543608384973 0.2647531032562256 0.8938606 0.87647057 0.8936170339584351 0.937012012012012 0.7413793103448276 0.7166666666666667 0.7678571428571429 245641 158625 
16 0.26156437511068387 0.28278070495409124 0.2913106381893158 0.8969823 0.87647057 0.868794322013855 0.9376126126126125 0.5842696629213484 0.43333333333333335 0.896551724137931 246639 181623 
17 0.29710397809457023 0.27005702993449043 0.27274277806282043 0.89490116 0.89411765 0.868794322013855 0.9398648648648649 0.6185567010309277 0.5 0.8108108108108109 225632 141637 
18 0.25218038487322747 0.3354683413225062 0.35519057512283325 0.9011446 0.86470586 0.8617021441459656 0.9394144144144144 0.5411764705882353 0.38333333333333336 0.92 257637 168613 
19 0.3580587126089805 0.3450513552216923 0.36278587579727173 0.86264306 0.84705883 0.826241135597229 0.9419669669669669 0.32876712328767127 0.2 0.9230769230769231 228645 225604 
20 0.2900339639149645 0.4053039722582873 0.4336391091346741 0.8844953 0.84705883 0.8439716100692749 0.9433183183183184 0.45000000000000007 0.3 0.9 220652 175621 
21 0.5213126343569324 0.36422801087884343 0.3770349621772766 0.79812694 0.84117645 0.8156028389930725 0.9401651651651651 0.23529411764705882 0.13333333333333333 1.0 259624 229605 
22 0.31221975395446266 0.2714131746221991 0.2659115493297577 0.89594173 0.9 0.8865247964859009 0.9390390390390391 0.6862745098039216 0.5833333333333334 0.8333333333333334 262639 156614 
23 0.2577078157762583 0.2833082784624661 0.2878347933292389 0.9011446 0.88235295 0.8617021441459656 0.939039039039039 0.5806451612903226 0.45 0.8181818181818182 209652 152620 
24 0.2502556543111119 0.2663757101577871 0.26088330149650574 0.9011446 0.89411765 0.890070915222168 0.9395645645645646 0.6990291262135923 0.6 0.8372093023255814 215636 161646 
25 0.2548735028890647 0.46679814037154704 0.501915454864502 0.9094693 0.84117645 0.826241135597229 0.9407657657657658 0.30985915492957744 0.18333333333333332 1.0 231649 193602 
26 0.28479702939336554 0.26023343030144186 0.26350584626197815 0.8865765 0.89411765 0.8829787373542786 0.943018018018018 0.6732673267326732 0.5666666666666667 0.8292682926829268 247643 190605 
27 0.22052253650949102 0.26668394856593186 0.25976237654685974 0.92403746 0.89411765 0.8936170339584351 0.9425675675675675 0.7115384615384616 0.6166666666666667 0.8409090909090909 223650 163632 
28 0.23016075228615185 0.3019551508566912 0.26987847685813904 0.9157128 0.87058824 0.9042553305625916 0.9418168168168167 0.784 0.8166666666666667 0.7538461538461538 234648 176622 
29 0.24642677702063948 0.30521735934650196 0.27934131026268005 0.905307 0.87058824 0.911347508430481 0.9441441441441442 0.7967479674796747 0.8166666666666667 0.7777777777777778 253636 156618 
30 0.22143362309884485 0.35955135401557475 0.3181174397468567 0.9157128 0.8352941 0.8829787373542786 0.9446696696696696 0.762589928057554 0.8833333333333333 0.6708860759493671 228661 172612 
31 0.26856855115815453 0.24971929543158589 0.24931930005550385 0.8917794 0.9 0.890070915222168 0.9466966966966966 0.7047619047619048 0.6166666666666667 0.8222222222222222 228631 171640 
32 0.22753840567142888 0.3411258683485143 0.3658282160758972 0.9157128 0.85882354 0.8581560254096985 0.9436936936936937 0.5238095238095238 0.36666666666666664 0.9166666666666666 260636 165630 
33 0.266867641625106 0.2495578431031283 0.24866701662540436 0.8907388 0.9 0.8971630930900574 0.9466966966966966 0.7238095238095237 0.6333333333333333 0.8444444444444444 198656 238606 
34 0.25299176335737933 0.2508496689445832 0.2581416964530945 0.90010405 0.89411765 0.890070915222168 0.9453453453453453 0.6868686868686869 0.5666666666666667 0.8717948717948718 227632 150635 
35 0.2304343146414464 0.9208618079914767 0.8805913329124451 0.9105099 0.63529414 0.6241135001182556 0.9484984984984984 0.5267857142857142 0.9833333333333333 0.3597560975609756 240629 155645 
36 0.4827516737639222 0.3197887781788321 0.3210977017879486 0.8033299 0.87647057 0.8758864998817444 0.9452702702702703 0.6236559139784946 0.48333333333333334 0.8787878787878788 226648 166625 
37 0.2650191082728641 0.24763048659352696 0.23828837275505066 0.9084287 0.9 0.8936170339584351 0.9444444444444444 0.7169811320754716 0.6333333333333333 0.8260869565217391 272618 175639 
38 0.22193058296789983 0.2584251130328459 0.23986166715621948 0.91883457 0.89411765 0.9078013896942139 0.9442192192192193 0.7796610169491527 0.7666666666666667 0.7931034482758621 224632 165613 
39 0.20478469764079188 0.28012384316500494 0.2538911700248718 0.92403746 0.8882353 0.9078013896942139 0.9448198198198198 0.7903225806451613 0.8166666666666667 0.765625 231646 153617 
