2021-01-15 20:23:21 | add fc layer number: 6 fold
epoch train_loss vali_loss test_loss train_acc vali_acc test_acc test_auc test_f1 test_recall test_precision train_time test_time
0 0.5617652356624603 66.95147249558393 2.54500675201416 0.81458336 0.84117645 0.8197879791259766 0.6291479820627802 0.2816901408450704 0.16666666666666666 0.9090909090909091 953831 289267 
1 0.2028369174649318 10.688825057534611 2.029344320297241 0.909375 0.85882354 0.8445229530334473 0.7458520179372198 0.4210526315789474 0.26666666666666666 1.0 616912 893703 
2 0.15619103809197743 16.46207073436064 2.194077491760254 0.94166666 0.84117645 0.8162544369697571 0.7366965620328849 0.23529411764705882 0.13333333333333333 1.0 647028 889713 
3 0.08130196078370015 0.5655694803989986 0.46534889936447144 0.96875 0.9235294 0.9010600447654724 0.9512705530642751 0.791044776119403 0.8833333333333333 0.7162162162162162 752628 881735 
4 0.1153626528258125 2.292069746466244 1.91322660446167 0.95729166 0.8117647 0.7879858613014221 0.762593423019432 0.0 0.0 0.0 737451 920705 
5 0.10162604522580902 0.3896052693619448 0.5250560641288757 0.9604167 0.9117647 0.8727915287017822 0.936659192825112 0.7352941176470588 0.8333333333333334 0.6578947368421053 673641 886716 
6 0.06238552541472018 0.6181506647783167 0.9411112070083618 0.98229164 0.88235295 0.8445229530334473 0.8991778774289985 0.45000000000000007 0.3 0.9 667977 871722 
7 0.04804456531322406 20.237213338122647 1.9147237539291382 0.9791667 0.8117647 0.7879858613014221 0.8281390134529147 0.0 0.0 0.0 686539 880718 
8 0.09415144749606649 0.25334354121895397 0.43816372752189636 0.9614583 0.9117647 0.9010600447654724 0.9321001494768312 0.7777777777777778 0.8166666666666667 0.7424242424242424 698538 952725 
9 0.05531157646328211 0.9602724397883696 1.288407325744629 0.98229164 0.8235294 0.8268551230430603 0.9588565022421525 0.30985915492957744 0.18333333333333332 1.0 713662 844715 
10 0.04054744200257119 0.8273108061622171 0.8949214220046997 0.9875 0.9117647 0.9045936465263367 0.9276158445440955 0.7096774193548387 0.55 1.0 708358 885734 
11 0.11955858734436334 1.6982473245219272 0.3704780042171478 0.9625 0.92941177 0.9151943325996399 0.9415171898355754 0.7818181818181817 0.7166666666666667 0.86 669206 875707 
12 0.08064516671001912 1.6301935939227834 1.361920952796936 0.9739583 0.85882354 0.8162544369697571 0.835201793721973 0.23529411764705882 0.13333333333333333 1.0 716919 879720 
13 0.032901413893947996 2.78377002547769 2.2069156169891357 0.9875 0.81764704 0.8056536912918091 0.8376307922272047 0.15384615384615385 0.08333333333333333 1.0 658549 892716 
14 0.02895044641336426 2.6867774290197035 2.522655725479126 0.9895833 0.61764705 0.5971731543540955 0.9704783258594918 0.5128205128205129 1.0 0.3448275862068966 680908 865707 
15 0.03190121421406123 2.6053359466440535 0.3803706765174866 0.9895833 0.9470588 0.9363957643508911 0.9591180866965621 0.826923076923077 0.7166666666666667 0.9772727272727273 639557 876708 
16 0.030271061344925933 4.112166421553668 2.7508602142333984 0.9895833 0.81764704 0.7950530052185059 0.7569880418535126 0.06451612903225806 0.03333333333333333 1.0 694780 909709 
17 0.02389943590387702 1.8458444258745978 1.7455599308013916 0.9947917 0.8352941 0.8127208352088928 0.8852391629297459 0.208955223880597 0.11666666666666667 1.0 769367 861745 
18 0.010565107402483894 0.25389961173846937 0.35458841919898987 0.996875 0.9647059 0.9575971961021423 0.9757847533632288 0.888888888888889 0.8 1.0 697724 857727 
19 0.008833049290092276 1.0172206542071174 0.8349961042404175 0.99791664 0.90588236 0.8904593586921692 0.9359491778774289 0.6516853932584269 0.48333333333333334 1.0 765213 875706 
20 0.007817195703508636 0.7283224915756898 0.8445613384246826 0.99895835 0.9 0.8869258165359497 0.9732062780269058 0.6363636363636364 0.4666666666666667 1.0 725526 908696 
21 0.016640400434577412 0.4788382018313688 0.49681556224823 0.9927083 0.88235295 0.9151943325996399 0.9757473841554558 0.8309859154929577 0.9833333333333333 0.7195121951219512 629915 870725 
22 0.021460498126786357 1.737413630766027 1.4874343872070312 0.99375 0.7352941 0.7738515734672546 0.9715994020926757 0.6483516483516484 0.9833333333333333 0.48360655737704916 726734 903711 
23 0.06562232158418434 0.5641294286531561 0.7248201370239258 0.98125 0.9 0.8727915287017822 0.9542227204783258 0.7567567567567568 0.9333333333333333 0.6363636363636364 668868 888715 
24 0.01524996255041818 1.2545014696962693 0.9988902807235718 0.9947917 0.88235295 0.8833922147750854 0.8840059790732436 0.6206896551724138 0.45 1.0 723438 865724 
25 0.010326475446587817 0.3232209740923923 0.2688264548778534 0.99583334 0.9588235 0.9646643400192261 0.9692825112107624 0.9152542372881356 0.9 0.9310344827586207 646641 887703 
26 0.028051255370640623 0.42096968304146737 0.3212713599205017 0.98854166 0.92941177 0.9399293065071106 0.9767563527653215 0.8349514563106796 0.7166666666666667 1.0 736555 875722 
27 0.01906726701805989 0.12397915438255842 0.23147054016590118 0.990625 0.9823529 0.9434629082679749 0.9729820627802691 0.8545454545454546 0.7833333333333333 0.94 757798 913696 
28 0.007164544855853213 0.24990537503241178 0.30703166127204895 0.99791664 0.9705882 0.9646643400192261 0.971375186846039 0.9166666666666666 0.9166666666666666 0.9166666666666666 701680 871738 
29 0.002431515392724274 1.4772695287623827 0.6062492728233337 0.99791664 0.9470588 0.9222614765167236 0.936883408071749 0.8225806451612903 0.85 0.796875 766693 825730 
30 0.02098759924989887 0.697258155486163 0.600854218006134 0.9927083 0.8235294 0.8975265026092529 0.9752989536621823 0.802721088435374 0.9833333333333333 0.6781609195402298 674685 870706 
31 0.010104691561233873 0.618029663142036 0.468337744474411 0.99583334 0.8882353 0.9081271886825562 0.9723467862481314 0.8115942028985509 0.9333333333333333 0.717948717948718 696678 874725 
32 0.010645633472207313 1.3204051550696878 1.0876017808914185 0.99583334 0.67058825 0.7173144817352295 0.9535500747384156 0.5918367346938775 0.9666666666666667 0.4264705882352941 692410 906711 
33 0.013169341712455207 0.8071124679902021 0.5916062593460083 0.9927083 0.85882354 0.8904593586921692 0.9706278026905828 0.7891156462585033 0.9666666666666667 0.6666666666666666 725134 882700 
34 0.03540627910939899 3.7471249720629523 2.393155574798584 0.98854166 0.8235294 0.7915194630622864 0.8239162929745889 0.03278688524590164 0.016666666666666666 1.0 735596 930703 
35 0.010162268776548444 0.33558567740461404 0.3235284090042114 0.996875 0.9529412 0.9469964504241943 0.9777653213751869 0.8598130841121495 0.7666666666666667 0.9787234042553191 690570 912540 
36 0.007372433680829241 6.676962549546186 2.858584403991699 0.996875 0.8117647 0.7985865473747253 0.6166666666666667 0.09523809523809523 0.05 1.0 712532 864713 
37 0.005565281616073511 0.4383293011770173 0.3005066215991974 0.996875 0.9470588 0.9540635943412781 0.9785874439461884 0.8925619834710743 0.9 0.8852459016393442 673919 888717 
38 0.014338131955376336 0.5185638651032658 0.36296334862709045 0.9947917 0.9588235 0.9505300521850586 0.9617339312406576 0.8793103448275861 0.85 0.9107142857142857 735734 833733 
39 0.01398587780518028 0.3476027415079229 0.4844191074371338 0.9947917 0.90588236 0.9010600447654724 0.9650224215246636 0.8 0.9333333333333333 0.7 731470 854713 
2021-01-15 20:29:32 | add fc layer number: 7 fold
epoch train_loss vali_loss test_loss train_acc vali_acc test_acc test_auc test_f1 test_recall test_precision train_time test_time
0 0.534755003452301 3691.502734375 3.2703070640563965 0.79895836 0.8235294 0.7879858613014221 0.5 0.0 0.0 0.0 210511 312260 
1 0.21968052027126153 649.3263944738052 3.2703070640563965 0.9145833 0.8235294 0.7879858613014221 0.5 0.0 0.0 0.0 652930 897700 
2 0.12931139059364796 142.6203119614545 3.1688053607940674 0.95208335 0.82941175 0.7915194630622864 0.525 0.03278688524590164 0.016666666666666666 1.0 624224 839711 
3 0.11093984345595041 10.606529179741354 9.3526029586792 0.959375 0.1882353 0.2332155406475067 0.8916666666666667 0.3560830860534125 1.0 0.21660649819494585 660211 869719 
4 0.06645094979709636 2.3720927246353205 0.7953150272369385 0.97291666 0.8352941 0.8268551230430603 0.9469730941704034 0.6956521739130436 0.9333333333333333 0.5544554455445545 704653 876722 
5 0.08314083737010756 6.286972027403467 0.9572089910507202 0.96979165 0.9 0.851590096950531 0.9423766816143497 0.4615384615384615 0.3 1.0 804620 908709 
6 0.10384755629735688 49.85305678423713 3.2703070640563965 0.9739583 0.8235294 0.7879858613014221 0.5 0.0 0.0 0.0 753774 905701 
7 0.08571727932430803 2.743681655210607 2.481276750564575 0.96770835 0.63529414 0.6537102460861206 0.9233931240657698 0.5333333333333333 0.9333333333333333 0.37333333333333335 696180 843726 
8 0.07912913400990268 0.16354404725134372 0.26709505915641785 0.9770833 0.9529412 0.9399293065071106 0.9731689088191331 0.8468468468468469 0.7833333333333333 0.9215686274509803 641980 930687 
9 0.056600606240681375 0.6664419055697234 0.47625532746315 0.98020834 0.91764706 0.9293286204338074 0.9684230194319882 0.8076923076923077 0.7 0.9545454545454546 702494 884716 
10 0.12808149007614703 1126.1839901194853 3.2703070640563965 0.9760417 0.8235294 0.7879858613014221 0.5 0.0 0.0 0.0 696537 920692 
11 0.08470656769350171 350.29214154411767 3.2159013748168945 0.96666664 0.8235294 0.7915194630622864 0.5017189835575485 0.03278688524590164 0.016666666666666666 1.0 695219 870708 
12 0.03217881426680833 0.3494022775422576 0.2716519832611084 0.9875 0.9882353 0.9646643400192261 0.9764573991031391 0.9180327868852459 0.9333333333333333 0.9032258064516129 722352 900726 
13 0.038592277312030396 1.568329978552784 0.4725934863090515 0.9875 0.9705882 0.9328621625900269 0.9666292974588939 0.8429752066115703 0.85 0.8360655737704918 691679 866721 
14 0.06537059390296539 1.215007282705868 0.9770604968070984 0.984375 0.80588233 0.8586572408676147 0.9774289985052317 0.7435897435897435 0.9666666666666667 0.6041666666666666 722199 887724 
15 0.014491721881980387 2.0872107405708555 0.9704166054725647 0.99583334 0.90588236 0.9045936465263367 0.9088191330343798 0.7216494845360825 0.5833333333333334 0.9459459459459459 707643 950683 
16 0.020321979109333674 0.9768741835566128 0.45618149638175964 0.9947917 0.9352941 0.9434629082679749 0.9761210762331838 0.870967741935484 0.9 0.84375 701842 880723 
17 0.04138896723355477 2.980161484550048 1.903576135635376 0.98229164 0.85294116 0.8091872930526733 0.835612855007474 0.18181818181818182 0.1 1.0 820481 871739 
18 0.01903912942507304 4.300098304189648 1.7480839490890503 0.99375 0.85294116 0.8197879791259766 0.8583333333333334 0.2608695652173913 0.15 1.0 773342 912709 
19 0.010346989389897013 0.24561589529792613 0.26456165313720703 0.996875 0.9588235 0.9681978821754456 0.9864723467862482 0.9230769230769231 0.9 0.9473684210526315 883068 915708 
20 0.01426973604405551 0.9310939155241238 0.38680216670036316 0.9947917 0.9352941 0.9540635943412781 0.9537369207772793 0.8785046728971964 0.7833333333333333 1.0 705169 856712 
21 0.07391605571416827 0.6971438088813396 0.4891262650489807 0.984375 0.90588236 0.9293286204338074 0.9657324364723467 0.8 0.6666666666666666 1.0 783726 936700 
22 0.03202402113408122 0.3511741179130588 0.33751967549324036 0.98645836 0.9352941 0.9469964504241943 0.955455904334828 0.8672566371681416 0.8166666666666667 0.9245283018867925 681765 845731 
23 0.1033566052482153 4.655893292146571 4.025326728820801 0.9614583 0.5470588 0.5583038926124573 0.9081091180866966 0.4680851063829787 0.9166666666666666 0.3142857142857143 571798 898729 
24 0.06554224619176238 0.715062196114484 0.67277991771698 0.971875 0.7647059 0.8480565547943115 0.9842675635276532 0.732919254658385 0.9833333333333333 0.5841584158415841 627995 882718 
25 0.031035603153820073 6.078929177452536 4.507675647735596 0.990625 0.39411765 0.4593639671802521 0.9282884902840061 0.43956043956043955 1.0 0.28169014084507044 762821 927704 
26 0.017267044824742093 0.7264324286404777 0.7050807476043701 0.99583334 0.88235295 0.9187279343605042 0.97847533632287 0.8345323741007195 0.9666666666666667 0.7341772151898734 618452 875706 
27 0.01456211426630034 8.16376573899213 5.925887107849121 0.9947917 0.3764706 0.4699646532535553 0.8825485799701047 0.4444444444444445 1.0 0.2857142857142857 748407 858753 
28 0.01538025644889179 0.6867002274543184 0.45037421584129333 0.9947917 0.8882353 0.9187279343605042 0.9766068759342301 0.8368794326241135 0.9833333333333333 0.7283950617283951 632719 860723 
29 0.050074607083418717 2.0544048449572396 1.7377147674560547 0.9875 0.65882355 0.7102473378181458 0.9789237668161435 0.5940594059405941 1.0 0.4225352112676056 760501 886717 
30 0.009649914645099974 0.637805739297148 0.5354114770889282 0.99791664 0.88235295 0.9116607904434204 0.9884155455904334 0.8226950354609929 0.9666666666666667 0.7160493827160493 679559 921692 
31 0.051552094295503066 0.45279744710518144 0.4675895869731903 0.98645836 0.9411765 0.9222614765167236 0.9774289985052317 0.78 0.65 0.975 637568 888702 
32 0.02839421449850003 0.8673834993558771 1.2323330640792847 0.9916667 0.8352941 0.8621907830238342 0.9797085201793722 0.751592356687898 0.9833333333333333 0.6082474226804123 682043 934703 
33 0.03707455494186433 3.1171829560223747 2.7467124462127686 0.98541665 0.60588235 0.6254416704177856 0.9622571001494769 0.5309734513274336 1.0 0.3614457831325301 694585 857724 
34 0.05937156508055826 0.4404217889680347 0.20486602187156677 0.9875 0.9588235 0.9575971961021423 0.9912556053811659 0.896551724137931 0.8666666666666667 0.9285714285714286 699522 867723 
35 0.003168464975594058 0.549386852670944 0.2832391560077667 0.99895835 0.9588235 0.9611307382583618 0.9699177877428998 0.9026548672566371 0.85 0.9622641509433962 724034 916691 
36 0.012382919854583936 0.8901881562436328 0.8601200580596924 0.996875 0.91764706 0.9151943325996399 0.9812406576980568 0.8309859154929577 0.9833333333333333 0.7195121951219512 784187 848729 
37 0.03456292206527299 0.5559582331498591 0.3015388548374176 0.9916667 0.9647059 0.9540635943412781 0.9741031390134529 0.8888888888888888 0.8666666666666667 0.9122807017543859 597104 847726 
38 0.011592589309051013 0.46278608805065125 0.31110212206840515 0.99583334 0.9352941 0.9469964504241943 0.9883781763826607 0.8623853211009175 0.7833333333333333 0.9591836734693877 631435 883708 
39 0.001386791593116262 0.3118598661395214 0.26500582695007324 1.0 0.9529412 0.9505300521850586 0.9899850523168909 0.8771929824561403 0.8333333333333334 0.9259259259259259 781165 866709 
2021-01-15 20:35:45 | add fc layer number: 8 fold
epoch train_loss vali_loss test_loss train_acc vali_acc test_acc test_auc test_f1 test_recall test_precision train_time test_time
0 0.5708821254471937 42.713927877527794 3.066577672958374 0.82604164 0.8235294 0.7915194630622864 0.5737704918032787 0.06349206349206349 0.03278688524590164 1.0 557465 335252 
1 0.19538690336048603 9.001513918708353 3.324812173843384 0.93854165 0.81764704 0.7844523191452026 0.5 0.0 0.0 0.0 649648 861725 
2 0.17150585850079855 4.905156424221144 2.1875758171081543 0.9458333 0.85294116 0.8374558091163635 0.7251883030571555 0.41025641025641024 0.26229508196721313 0.9411764705882353 743120 871721 
3 0.16455279625952243 9.206491189143238 1.8385521173477173 0.9427083 0.7882353 0.7879858613014221 0.7450893516467287 0.5384615384615384 0.5737704918032787 0.5072463768115942 939043 876720 
4 0.09829173437319697 6.250236620637589 2.174910306930542 0.965625 0.85882354 0.8374558091163635 0.6956136464333186 0.43902439024390244 0.29508196721311475 0.8571428571428571 778273 905716 
5 0.09444027574112018 1.4536741976712968 0.4700142741203308 0.965625 0.91764706 0.9363957643508911 0.957354895879486 0.8333333333333334 0.7377049180327869 0.9574468085106383 776849 964692 
6 0.08864719131961465 0.5936881317811854 0.20046715438365936 0.96666664 0.90588236 0.9575971961021423 0.9943878304534043 0.9047619047619049 0.9344262295081968 0.8769230769230769 827503 874719 
7 0.04388656251054878 0.3071165204048157 0.11385273933410645 0.98854166 0.9470588 0.9646643400192261 0.9944616747895436 0.9152542372881356 0.8852459016393442 0.9473684210526315 747639 895702 
8 0.030594220877780267 0.9769404634162235 0.49597108364105225 0.9875 0.91764706 0.9222614765167236 0.9591640821149018 0.7843137254901961 0.6557377049180327 0.975609756097561 747204 925702 
9 0.03186256967407341 0.2516145998940748 0.18904604017734528 0.990625 0.92941177 0.9540635943412781 0.9884064392261114 0.882882882882883 0.8032786885245902 0.98 753572 893715 
10 0.030297602996385346 1.1465350711868856 0.8834493160247803 0.990625 0.85294116 0.8374558091163635 0.968911534485305 0.3947368421052631 0.2459016393442623 1.0 824984 881736 
11 0.03651145369124909 1.5125552464166985 0.879822850227356 0.990625 0.86470586 0.8869258165359497 0.9508935164672869 0.6444444444444445 0.47540983606557374 1.0 764978 953679 
12 0.0296663924275587 0.4905729023849263 0.7050291895866394 0.98854166 0.87647057 0.8869258165359497 0.8806675527987002 0.6444444444444445 0.47540983606557374 1.0 698014 864709 
13 0.07590146718624359 0.3504048785742591 0.2481192648410797 0.9739583 0.87058824 0.9222614765167236 0.9844188450745828 0.8428571428571427 0.9672131147540983 0.7468354430379747 675771 900698 
14 0.04360599810412775 3.8971157109036163 2.863065719604492 0.98020834 0.81764704 0.7844523191452026 0.7295081967213115 0.0 0.0 0.0 717531 882704 
15 0.0051509220529017815 0.8804966158888206 0.3298889100551605 0.99895835 0.92941177 0.9540635943412781 0.982868114015655 0.8807339449541284 0.7868852459016393 1.0 750638 886719 
16 0.0823516234609997 23.14231134302476 8.912755966186523 0.9760417 0.3 0.32862189412117004 0.6746418549697238 0.391025641025641 1.0 0.24302788844621515 756610 963695 
17 0.06258332167441646 23.461054656084848 8.407119750976562 0.98333335 0.39411765 0.39929327368736267 0.6981981981981982 0.41780821917808214 1.0 0.26406926406926406 796030 928706 
18 0.03816033282734376 76.69092120002298 10.689873695373535 0.9927083 0.24705882 0.2862190902233124 0.5743243243243243 0.3765432098765432 1.0 0.23193916349809887 830600 911708 
19 0.035795089912911256 1.4902722863590017 1.1970564126968384 0.98645836 0.82941175 0.8480565547943115 0.9618224782159208 0.7295597484276729 0.9508196721311475 0.5918367346938775 812496 931706 
20 0.013423323429500063 1.1833375469041858 0.4203735589981079 0.99583334 0.9411765 0.9646643400192261 0.9536626790725152 0.912280701754386 0.8524590163934426 0.9811320754716981 690823 861711 
21 0.02481686183649193 14.04351795981912 3.1484415531158447 0.9895833 0.81764704 0.7844523191452026 0.6065573770491803 0.0 0.0 0.0 743007 895698 
22 0.03886505973932799 2.2849040571381063 1.6571193933486938 0.9895833 0.84117645 0.8197879791259766 0.8924088022448678 0.28169014084507044 0.16393442622950818 1.0 765796 868737 
23 0.02497753968928009 5.3604292084189025 2.799598217010498 0.9947917 0.8235294 0.7915194630622864 0.7377049180327868 0.06349206349206349 0.03278688524590164 1.0 702318 868722 
24 0.016855782400367995 5.378434843175551 2.9120490550994873 0.996875 0.82941175 0.7879858613014221 0.677152562398464 0.03225806451612903 0.01639344262295082 1.0 754167 943685 
25 0.06731615801497053 2.0185235850951253 1.4237031936645508 0.975 0.8352941 0.8197879791259766 0.9016762664303648 0.4742268041237113 0.3770491803278688 0.6388888888888888 726468 882704 
26 0.021153200056869537 0.6087029774708379 0.25909295678138733 0.9927083 0.9529412 0.9575971961021423 0.9781420765027322 0.8928571428571428 0.819672131147541 0.9803921568627451 800520 888701 
27 0.004742644601356006 2.1306878259515063 1.2078286409378052 0.99895835 0.89411765 0.879858672618866 0.9180327868852459 0.6136363636363636 0.4426229508196721 1.0 742552 928703 
28 0.04313259640239266 2.2284253372865566 1.5941555500030518 0.98645836 0.8235294 0.8197879791259766 0.8762738147984048 0.28169014084507044 0.16393442622950818 1.0 671694 913708 
29 0.013841423066332936 2.2470171942430386 1.6176939010620117 0.9947917 0.8235294 0.7985865473747253 0.8724708314872249 0.12307692307692307 0.06557377049180328 1.0 788454 879719 
30 0.010593262484568792 2.3094822185880997 0.9570626020431519 0.9947917 0.85882354 0.8657243847846985 0.9488258750553832 0.5476190476190476 0.3770491803278688 1.0 678259 924703 
31 0.006147274017863916 0.34774099801228764 0.16030524671077728 0.99791664 0.9529412 0.9646643400192261 0.9940924531088466 0.9137931034482758 0.8688524590163934 0.9636363636363636 741133 880702 
32 0.021328945054119686 0.6719848850194146 0.3634086847305298 0.99375 0.86470586 0.9293286204338074 0.97969280756166 0.8507462686567165 0.9344262295081968 0.7808219178082192 731527 868724 
33 0.006120295232388647 0.44994576082510107 0.2353367656469345 0.99895835 0.91764706 0.9505300521850586 0.9785851425195687 0.8906250000000001 0.9344262295081968 0.8507462686567164 674393 868721 
34 0.0018719363177903384 0.23065626850242124 0.1630639135837555 1.0 0.9529412 0.9681978821754456 0.9926894107221975 0.9256198347107439 0.9180327868852459 0.9333333333333333 706065 930703 
35 0.0014615457864768663 0.6755949566743391 0.3321817219257355 1.0 0.91764706 0.9540635943412781 0.9868187859991138 0.882882882882883 0.8032786885245902 0.98 726019 921702 
36 0.0017288082284229252 0.7083634187193478 0.4928627014160156 0.99895835 0.9 0.9328621625900269 0.9799512627381479 0.8549618320610688 0.9180327868852459 0.8 758834 906715 
37 0.0507770870128752 0.6384205018772798 0.3920404314994812 0.990625 0.8 0.8904593586921692 0.9817604489735636 0.7919463087248322 0.9672131147540983 0.6704545454545454 786510 872723 
38 0.01557353519795773 7.946215259327608 5.867865562438965 0.99375 0.37058824 0.4063604176044464 0.9141190370698568 0.4206896551724138 1.0 0.2663755458515284 707662 841718 
39 0.009171348353265784 1.1927707922809265 0.5682801008224487 0.996875 0.8235294 0.8869258165359497 0.9853049771082558 0.7837837837837837 0.9508196721311475 0.6666666666666666 925548 835733 
2021-01-15 20:42:08 | add fc layer number: 9 fold
epoch train_loss vali_loss test_loss train_acc vali_acc test_acc test_auc test_f1 test_recall test_precision train_time test_time
0 0.5474358470829419 55.58346319759593 12.04233455657959 0.84079087 0.21764706 0.21276596188545227 0.33652402402402404 0.3508771929824561 1.0 0.2127659574468085 323537 902737 
1 0.24662263111220323 12480.19044117647 3.2819039821624756 0.91883457 0.7823529 0.7872340679168701 0.5 0.0 0.0 0.0 796510 881715 
2 0.15507005408801658 25.241580918255973 2.586639404296875 0.9458897 0.8 0.7978723645210266 0.7169294294294294 0.09523809523809523 0.05 1.0 850485 837747 
3 0.08548560168382854 2.2214165061712263 0.47489383816719055 0.9760666 0.8882353 0.8936170339584351 0.9152777777777779 0.6874999999999999 0.55 0.9166666666666666 873480 960679 
4 0.07756330822585075 1.2541466257151435 0.9483617544174194 0.9719043 0.68235296 0.7943262457847595 0.9572447447447447 0.6666666666666667 0.9666666666666667 0.5087719298245614 917480 891708 
5 0.09676355236923381 1.9409342597512638 1.683091163635254 0.9719043 0.5647059 0.6347517967224121 0.9600225225225226 0.5296803652968036 0.9666666666666667 0.36477987421383645 905471 896715 
6 0.05338196932075547 1.0890181204851936 0.8530645370483398 0.9833507 0.82941175 0.8510638475418091 0.9732732732732734 0.4615384615384615 0.3 1.0 844494 888700 
7 0.1914509496381206 1.8112163066864013 1.735619068145752 0.94068676 0.80588233 0.7517730593681335 0.8232732732732733 0.5569620253164558 0.7333333333333333 0.4489795918367347 995441 874721 
8 0.14846023592495133 14.04828883900362 5.287868022918701 0.95317376 0.6 0.6382978558540344 0.6453453453453453 0.43333333333333335 0.65 0.325 23418 896728 
9 0.12707470793176373 15.875466245763443 6.736971855163574 0.9646202 0.4882353 0.5496453642845154 0.7291291291291291 0.4773662551440329 0.9666666666666667 0.31693989071038253 992336 954695 
10 0.07114591839102812 3.4463577032089234 2.8302977085113525 0.98126954 0.6882353 0.6879432797431946 0.8957582582582582 0.5510204081632653 0.9 0.39705882352941174 991642 923692 
11 0.08433728386685795 2.08113770905663 1.9204553365707397 0.975026 0.6 0.6241135001182556 0.9249624624624625 0.5092592592592593 0.9166666666666666 0.3525641025641026 989442 920693 
12 0.08769023189666167 8.75910296720617 4.590180397033691 0.975026 0.5588235 0.6134752035140991 0.8317942942942943 0.48826291079812206 0.8666666666666667 0.33986928104575165 908483 931692 
13 0.0516373843810367 2.301291395636166 1.8059128522872925 0.9791883 0.6 0.6879432797431946 0.952515015015015 0.5686274509803922 0.9666666666666667 0.4027777777777778 940459 855726 
14 0.02708915577968734 0.7219258510891129 0.48976102471351624 0.9885536 0.91764706 0.9468085169792175 0.9367867867867868 0.8672566371681416 0.8166666666666667 0.9245283018867925 43426 881718 
15 0.031932140627108384 0.6495431334183462 0.4998151659965515 0.98959416 0.9 0.9290780425071716 0.9493243243243243 0.8113207547169811 0.7166666666666667 0.9347826086956522 12434 882706 
16 0.02459659068287061 0.5076292027993238 0.24825207889080048 0.9927159 0.89411765 0.9539006948471069 0.9731981981981982 0.894308943089431 0.9166666666666666 0.873015873015873 59443 879708 
17 0.03849325063254085 8.30153383367202 0.9346979856491089 0.98959416 0.87647057 0.8829787373542786 0.8777777777777779 0.6292134831460675 0.4666666666666667 0.9655172413793104 55407 926720 
18 0.06175141174099731 4.706145757787368 4.128560543060303 0.97814775 0.5058824 0.5531914830207825 0.9086711711711712 0.47933884297520657 0.9666666666666667 0.31868131868131866 41587 874735 
19 0.02546710287327537 0.3619635448739727 0.30181893706321716 0.9927159 0.92941177 0.9468085169792175 0.9605105105105105 0.8623853211009175 0.7833333333333333 0.9591836734693877 1441 849716 
20 0.062413480482377284 0.2872162335059222 0.20468764007091522 0.9885536 0.90588236 0.9539006948471069 0.9748873873873872 0.8925619834710743 0.9 0.8852459016393442 900455 955694 
21 0.11348677193212955 0.37874155789202846 0.34309226274490356 0.9791883 0.8882353 0.9184397459030151 0.9423048048048048 0.816 0.85 0.7846153846153846 968466 930690 
22 0.031357363254556216 0.9639774694162256 0.7740723490715027 0.987513 0.7705882 0.7907801270484924 0.9576576576576575 0.650887573964497 0.9166666666666666 0.5045871559633027 18434 941689 
23 0.03702340191517279 0.8617678137386546 0.9395983815193176 0.987513 0.85882354 0.8546099066734314 0.956493993993994 0.4938271604938272 0.3333333333333333 0.9523809523809523 976447 944698 
24 0.024866470935134607 2.3603532847236184 2.0774753093719482 0.9916753 0.6117647 0.652482271194458 0.9527027027027027 0.5333333333333333 0.9333333333333333 0.37333333333333335 927464 914693 
25 0.006345532256505772 0.3499109409092104 0.32778167724609375 0.9989594 0.91764706 0.9397163391113281 0.9611486486486487 0.8595041322314049 0.8666666666666667 0.8524590163934426 28431 894713 
26 0.007946302660724516 0.3222137812305899 0.284402459859848 0.99687827 0.91764706 0.9255319237709045 0.9717717717717718 0.8346456692913385 0.8833333333333333 0.7910447761194029 939460 892717 
27 0.00756353397670777 1.1768059001249425 0.9428375363349915 0.99791884 0.7941176 0.7978723645210266 0.9744744744744744 0.6705202312138728 0.9666666666666667 0.5132743362831859 947456 880704 
28 0.005714779137633061 0.6170239568633191 0.4749888479709625 0.99791884 0.86470586 0.9042553305625916 0.973611111111111 0.8057553956834533 0.9333333333333333 0.7088607594936709 52409 844733 
29 0.010999666699321863 0.4390103234964259 0.13452573120594025 0.9947971 0.9235294 0.9680851101875305 0.982882882882883 0.9217391304347826 0.8833333333333333 0.9636363636363636 838476 901711 
30 0.08721790369793882 0.202929797637112 0.14590615034103394 0.975026 0.9411765 0.957446813583374 0.9768768768768769 0.896551724137931 0.8666666666666667 0.9285714285714286 928462 948693 
31 0.11347025325055363 460.5259686638327 3.2819039821624756 0.96878254 0.7823529 0.7872340679168701 0.5 0.0 0.0 0.0 908471 898129 
32 0.07077700255023354 6.993401078616872 3.8665659427642822 0.97710717 0.5764706 0.6241135001182556 0.8888138138138139 0.5225225225225225 0.9666666666666667 0.35802469135802467 997439 902711 
33 0.0362445538141276 0.4426352657418808 0.34445425868034363 0.9864724 0.9117647 0.9468085169792175 0.9772147147147147 0.8837209302325583 0.95 0.8260869565217391 31431 883716 
34 0.03565319627329599 3.797076769436107 2.4223668575286865 0.9885536 0.67058825 0.7127659320831299 0.9170045045045044 0.5803108808290155 0.9333333333333333 0.42105263157894735 923464 845733 
35 0.11814287537466599 2.305108740750481 1.1704295873641968 0.96149844 0.82941175 0.8226950168609619 0.7384384384384384 0.46808510638297873 0.36666666666666664 0.6470588235294118 939459 869706 
36 0.09840135763154116 17.103792168112363 9.507867813110352 0.9719043 0.31176472 0.3439716398715973 0.6711711711711712 0.39344262295081966 1.0 0.24489795918367346 899603 859713 
37 0.07496269556241154 0.8327754217473899 0.8445450067520142 0.97294486 0.8352941 0.826241135597229 0.9656906906906907 0.6993865030674846 0.95 0.5533980582524272 24420 904712 
38 0.04201612171705359 0.8811118572299806 0.8192951083183289 0.98543185 0.88235295 0.8617021441459656 0.9535660660660661 0.5411764705882353 0.38333333333333336 0.92 852487 879718 
39 0.016916014911882136 2.932381290547988 2.166522979736328 0.9958377 0.62941176 0.6560283899307251 0.9549549549549549 0.5402843601895735 0.95 0.37748344370860926 914467 865728 
2021-01-15 20:48:30 | add fc layer number: 10 fold
epoch train_loss vali_loss test_loss train_acc vali_acc test_acc test_auc test_f1 test_recall test_precision train_time test_time
0 0.5423194346321955 35.11380455914666 3.2819039821624756 0.8283039 0.80588233 0.7872340679168701 0.5 0.0 0.0 0.0 533151 445218 
1 0.2044563122892231 21.608447377821978 2.831998825073242 0.9344433 0.80588233 0.7943262457847595 0.6333333333333333 0.06451612903225806 0.03333333333333333 1.0 873464 852742 
2 0.24306761511406716 161.33633979348576 3.2819039821624756 0.917794 0.80588233 0.7872340679168701 0.5 0.0 0.0 0.0 988459 879721 
3 0.23728325571302755 214.2444404153263 3.2819039821624756 0.917794 0.80588233 0.7872340679168701 0.5 0.0 0.0 0.0 920659 917705 
4 0.17664053375008018 16.706669684017406 7.955926418304443 0.94380856 0.40588236 0.45390069484710693 0.7035660660660661 0.437956204379562 1.0 0.2803738317757009 940458 935688 
5 0.11529184477820481 4.407438379175523 4.184255599975586 0.9667013 0.3764706 0.38297873735427856 0.9699324324324324 0.4081632653061224 1.0 0.2564102564102564 967451 875719 
6 0.07950389481359912 0.4710240216816173 0.34417057037353516 0.97710717 0.91764706 0.9078013896942139 0.9687687687687687 0.803030303030303 0.8833333333333333 0.7361111111111112 960455 841716 
7 0.10785378375392055 0.7843051770154168 0.7174529433250427 0.9667013 0.7058824 0.7056737542152405 0.9692192192192192 0.5786802030456852 0.95 0.41605839416058393 981448 894713 
8 0.17215394700851203 5.770485288956586 3.0795581340789795 0.955255 0.8117647 0.7978723645210266 0.588475975975976 0.09523809523809523 0.05 1.0 986444 878719 
9 0.07036654581340043 7.0516261381261485 3.063427209854126 0.97294486 0.8 0.7943262457847595 0.5399024024024023 0.06451612903225806 0.03333333333333333 1.0 996443 963690 
10 0.053484348689267 0.7320010187535766 0.5001304745674133 0.9833507 0.9117647 0.911347508430481 0.9711336336336337 0.7422680412371134 0.6 0.972972972972973 958454 923705 
11 0.03893730235571947 0.23401759057151675 0.20076431334018707 0.987513 0.9235294 0.9255319237709045 0.9863363363363363 0.8444444444444444 0.95 0.76 899487 921704 
12 0.09865811350876533 1.4506036765435162 1.1853009462356567 0.9719043 0.82941175 0.804964542388916 0.9266891891891892 0.15384615384615385 0.08333333333333333 1.0 930463 927703 
13 0.07480622385313558 0.3932721557369565 0.48639196157455444 0.98126954 0.9235294 0.9184397459030151 0.9916666666666667 0.8391608391608391 1.0 0.7228915662650602 886476 886715 
14 0.08576098356578155 0.15405255826190115 0.14447247982025146 0.97398543 0.9411765 0.957446813583374 0.9671921921921921 0.888888888888889 0.8 1.0 988455 884716 
15 0.03235279146725318 0.10136226705987664 0.16470184922218323 0.99063474 0.9588235 0.9645389914512634 0.992042042042042 0.9166666666666666 0.9166666666666666 0.9166666666666666 946461 843726 
16 0.0665201005854418 113.85172621783089 3.2819039821624756 0.98543185 0.80588233 0.7872340679168701 0.49774774774774777 0.0 0.0 0.0 916466 900712 
17 0.10113250586697511 10.899154068441952 3.2616026401519775 0.9646202 0.80588233 0.7872340679168701 0.5083333333333333 0.0 0.0 0.0 903474 929703 
18 0.09980074378286763 1.403606166559107 0.975421130657196 0.9698231 0.89411765 0.8758864998817444 0.821584084084084 0.6666666666666666 0.5833333333333334 0.7777777777777778 903476 922699 
19 0.08957242900864236 0.2646893119110781 0.16048578917980194 0.97294486 0.9470588 0.9680851101875305 0.9771771771771771 0.9256198347107439 0.9333333333333333 0.9180327868852459 930464 868723 
20 0.026653088677550243 0.28495749264988546 0.24280856549739838 0.9885536 0.9647059 0.9716312289237976 0.9814564564564565 0.9298245614035088 0.8833333333333333 0.9814814814814815 995439 872720 
21 0.016330769740621212 0.9507364756920759 1.1126314401626587 0.99375653 0.81764704 0.8014184236526489 0.9870495495495496 0.6781609195402298 0.9833333333333333 0.5175438596491229 946458 876707 
22 0.017870204118114356 3.304102892034194 3.9343278408050537 0.9947971 0.5529412 0.4680851101875305 0.9633633633633634 0.4444444444444445 1.0 0.2857142857142857 931464 859724 
23 0.0378137195597206 1.318263376460356 1.4152333736419678 0.9885536 0.7117647 0.7340425252914429 0.8646021021021021 0.5945945945945945 0.9166666666666666 0.44 991444 928701 
24 0.021026884856402223 1.408919785228243 0.9301241636276245 0.9947971 0.9352941 0.9184397459030151 0.9607357357357358 0.8296296296296296 0.9333333333333333 0.7466666666666667 942462 899699 
25 0.059028734032485757 2.0532381604699528 2.156157970428467 0.9864724 0.65294117 0.6773049831390381 0.9527777777777777 0.5645933014354068 0.9833333333333333 0.3959731543624161 870495 918711 
26 0.049646768073525194 0.36447606776896196 0.21509705483913422 0.9833507 0.9352941 0.9680851101875305 0.98993993993994 0.9217391304347826 0.8833333333333333 0.9636363636363636 81411 869723 
27 0.012073712901097919 1.0417362377165666 0.6649519205093384 0.99791884 0.9 0.8971630930900574 0.9799174174174174 0.6947368421052631 0.55 0.9428571428571428 992442 881701 
28 0.009344406718142044 0.5334631344871644 0.20653152465820312 0.9958377 0.9352941 0.9751772880554199 0.9904654654654654 0.9391304347826087 0.9 0.9818181818181818 882482 847712 
29 0.030807820456339924 0.3516846942489364 0.6152206063270569 0.99063474 0.9352941 0.8936170339584351 0.9741741741741743 0.7887323943661972 0.9333333333333333 0.6829268292682927 882479 952696 
30 0.016692988612421602 0.2630595895817528 0.15872609615325928 0.99375653 0.9352941 0.9751772880554199 0.9911411411411412 0.9391304347826087 0.9 0.9818181818181818 957452 939703 
31 0.07376522440308246 2.0190787427565633 2.332536458969116 0.9916753 0.8 0.7730496525764465 0.2629129129129129 0.0 0.0 0.0 930464 924702 
32 0.06677249107222992 0.2702040721388424 0.3045044541358948 0.9760666 0.86470586 0.868794322013855 0.9384384384384384 0.6185567010309277 0.5 0.8108108108108109 935474 894702 
33 0.03413509144316913 0.20235626697540282 0.3165137469768524 0.99063474 0.9588235 0.9432623982429504 0.9603603603603604 0.8769230769230769 0.95 0.8142857142857143 969452 876723 
34 0.021564297868921563 0.08278059357955285 0.1726587861776352 0.99375653 0.9764706 0.9716312289237976 0.9868618618618619 0.9354838709677419 0.9666666666666667 0.90625 960451 920689 
35 0.00570478228822837 0.14521307488111074 0.21619956195354462 0.99791884 0.9588235 0.9680851101875305 0.9872372372372372 0.928 0.9666666666666667 0.8923076923076924 72417 870723 
36 0.002355641906059618 0.11971991641690027 0.18153177201747894 0.9989594 0.9647059 0.9822695255279541 0.9879129129129129 0.957983193277311 0.95 0.9661016949152542 979451 849732 
37 0.009968162503923258 0.44282011915655695 0.6207417249679565 0.9958377 0.88235295 0.8652482032775879 0.9883633633633633 0.7564102564102564 0.9833333333333333 0.6145833333333334 931467 862723 
38 0.002761800301267822 0.5005401921622893 0.7830715775489807 0.9989594 0.9 0.868794322013855 0.9888513513513513 0.7612903225806452 0.9833333333333333 0.6210526315789474 917468 854728 
39 0.0009908473314290168 0.19846938860547894 0.3900482654571533 1.0 0.9529412 0.911347508430481 0.9870120120120118 0.8226950354609929 0.9666666666666667 0.7160493827160493 946457 859726 
