2021-01-15 19:31:18 | add fc layer number: 6 fold
epoch train_loss vali_loss test_loss train_acc vali_acc test_acc test_auc test_f1 test_recall test_precision train_time test_time
0 13.578817973534266 0.5407098938437069 0.5387638807296753 0.753125 0.7823529 0.7844523191452026 0.31014621178555607 0.0 0.0 0.0 397030 300588 
1 0.5448603461186091 0.5303719078793245 0.5270125865936279 0.7885417 0.7823529 0.7844523191452026 0.6894845665337469 0.0 0.0 0.0 628922 157615 
2 0.6249897201855977 0.617622794824488 0.6169232130050659 0.734375 0.7823529 0.7844523191452026 0.29637424309555455 0.0 0.0 0.0 589932 195599 
3 0.5697795877854029 0.5237902799073387 0.5216085314750671 0.7885417 0.7823529 0.7844523191452026 0.6532269974892925 0.0 0.0 0.0 628922 164627 
4 0.5212439626455307 0.5157821774482727 0.5153380632400513 0.7885417 0.7823529 0.7844523191452026 0.7000443066016837 0.0 0.0 0.0 565945 184602 
5 0.5181998312473297 0.522645763088675 0.5220696330070496 0.7885417 0.7823529 0.7844523191452026 0.6934721606852754 0.0 0.0 0.0 655909 166628 
6 0.5056360840797425 0.5093680164393257 0.5113123655319214 0.7885417 0.7823529 0.7844523191452026 0.6646728695909023 0.0 0.0 0.0 654912 138621 
7 0.5103171130021413 0.5000175090397105 0.48608359694480896 0.7885417 0.7823529 0.7844523191452026 0.6687343080785704 0.0 0.0 0.0 728872 149649 
8 0.48772961596647896 0.5031873625867507 0.5035200715065002 0.7885417 0.7823529 0.7844523191452026 0.6646728695909023 0.0 0.0 0.0 681905 220597 
9 0.4636689414580663 0.6972843282362994 0.7233721017837524 0.7885417 0.60588235 0.5335689187049866 0.672204991877123 0.4358974358974359 0.8360655737704918 0.2947976878612717 612924 180621 
10 0.48091622193654376 0.4910803850959329 0.4959719479084015 0.78333336 0.7823529 0.7844523191452026 0.7111948013587357 0.0 0.0 0.0 632913 153619 
11 0.5254893084367116 0.523923933506012 0.5212147235870361 0.7885417 0.7823529 0.7844523191452026 0.49324324324324326 0.0 0.0 0.0 589931 190618 
12 0.5209444920221965 0.5321189578841714 0.5300669074058533 0.7885417 0.7823529 0.7844523191452026 0.5067567567567568 0.0 0.0 0.0 592920 146647 
13 0.5185377995173136 0.5262101068216212 0.5231736302375793 0.7885417 0.7823529 0.7844523191452026 0.5 0.0 0.0 0.0 731885 209599 
14 0.5166355609893799 0.5239207190625808 0.5212154388427734 0.7885417 0.7823529 0.7844523191452026 0.5067567567567568 0.0 0.0 0.0 539952 137623 
15 0.5166106561819712 0.5240666694500867 0.5212910771369934 0.7885417 0.7823529 0.7844523191452026 0.5067567567567568 0.0 0.0 0.0 547950 163622 
16 0.517228078842163 0.5243224978446961 0.5214898586273193 0.7885417 0.7823529 0.7844523191452026 0.5067567567567568 0.0 0.0 0.0 540953 144629 
17 0.5167273968458176 0.5243445845211253 0.5218067765235901 0.7885417 0.7823529 0.7844523191452026 0.5067567567567568 0.0 0.0 0.0 535953 226591 
18 0.519816572467486 0.5243212510557735 0.5214889049530029 0.7885417 0.7823529 0.7844523191452026 0.49324324324324326 0.0 0.0 0.0 598931 181608 
19 0.5200574437777201 0.5253945645164041 0.5224279165267944 0.7885417 0.7823529 0.7844523191452026 0.49324324324324326 0.0 0.0 0.0 541947 150630 
20 0.5173536092042923 0.5242169937666725 0.5214048027992249 0.7885417 0.7823529 0.7844523191452026 0.5 0.0 0.0 0.0 624926 161625 
21 0.5172353694836299 0.5241628390901228 0.5215897560119629 0.7885417 0.7823529 0.7844523191452026 0.5067567567567568 0.0 0.0 0.0 548930 201618 
22 0.5171382089455923 0.5247302300789777 0.5218364596366882 0.7885417 0.7823529 0.7844523191452026 0.49324324324324326 0.0 0.0 0.0 490962 173627 
23 0.5217201938231786 0.5261004700380213 0.5230726003646851 0.7885417 0.7823529 0.7844523191452026 0.5 0.0 0.0 0.0 626919 149632 
24 0.5198421349128087 0.5246369424988242 0.5217554569244385 0.7885417 0.7823529 0.7844523191452026 0.5 0.0 0.0 0.0 611923 179614 
25 0.5188319693009059 0.5250042782110327 0.5225533246994019 0.7885417 0.7823529 0.7844523191452026 0.5067567567567568 0.0 0.0 0.0 571939 208612 
26 0.5199200510978699 0.5241683644406936 0.5215964913368225 0.7885417 0.7823529 0.7844523191452026 0.49324324324324326 0.0 0.0 0.0 761891 195600 
27 0.5208401749531428 0.524870734355029 0.521959662437439 0.7885417 0.7823529 0.7844523191452026 0.49324324324324326 0.0 0.0 0.0 668903 246592 
28 0.5161621183156967 0.5239138932789074 0.5212300419807434 0.7885417 0.7823529 0.7844523191452026 0.5067567567567568 0.0 0.0 0.0 536948 163629 
29 0.5188234249750773 0.5268845032243168 0.5237990021705627 0.7885417 0.7823529 0.7844523191452026 0.49324324324324326 0.0 0.0 0.0 513960 176620 
30 0.517673201362292 0.5251830546294942 0.522750198841095 0.7885417 0.7823529 0.7844523191452026 0.5067567567567568 0.0 0.0 0.0 535947 196610 
31 0.5170730700095495 0.5241481356761035 0.521351158618927 0.7885417 0.7823529 0.7844523191452026 0.49324324324324326 0.0 0.0 0.0 578934 193621 
32 0.5198885331551234 0.5252076071851394 0.5222594738006592 0.7885417 0.7823529 0.7844523191452026 0.49324324324324326 0.0 0.0 0.0 586928 161613 
33 0.5174984176953633 0.5244850937057944 0.5216255187988281 0.7885417 0.7823529 0.7844523191452026 0.5067567567567568 0.0 0.0 0.0 625921 159649 
34 0.5188822517792384 0.5264191396096174 0.5240874886512756 0.7885417 0.7823529 0.7844523191452026 0.5067567567567568 0.0 0.0 0.0 502957 166630 
35 0.5192776987950007 0.5240039488848518 0.5212491750717163 0.7885417 0.7823529 0.7844523191452026 0.5067567567567568 0.0 0.0 0.0 559944 182618 
36 0.5227219104766846 0.5301155093838187 0.5268473625183105 0.7885417 0.7823529 0.7844523191452026 0.49324324324324326 0.0 0.0 0.0 544947 186602 
37 0.5192737420399983 0.523928616327398 0.5212145447731018 0.7885417 0.7823529 0.7844523191452026 0.5067567567567568 0.0 0.0 0.0 532953 159616 
38 0.5179878691832225 0.5242995682884665 0.5217538475990295 0.7885417 0.7823529 0.7844523191452026 0.5067567567567568 0.0 0.0 0.0 649910 173613 
39 0.5169170945882797 0.52391437292099 0.5212337970733643 0.7885417 0.7823529 0.7844523191452026 0.5067567567567568 0.0 0.0 0.0 596933 166638 
2021-01-15 19:38:35 | add fc layer number: 7 fold
epoch train_loss vali_loss test_loss train_acc vali_acc test_acc test_auc test_f1 test_recall test_precision train_time test_time
0 13.286473729213078 0.5411114829428055 0.5203125476837158 0.690625 0.7705882 0.7879858613014221 0.23976083707025408 0.0 0.0 0.0 893514 294574 
1 0.5201497673988342 0.5415038098307217 0.5171968936920166 0.7895833 0.7705882 0.7879858613014221 0.5067264573991032 0.0 0.0 0.0 725888 141620 
2 0.5175433427095413 0.5400735518511603 0.5212410688400269 0.7895833 0.7705882 0.7879858613014221 0.49327354260089684 0.0 0.0 0.0 612921 202614 
3 0.51702122092247 0.5441116112120011 0.5185685753822327 0.7895833 0.7705882 0.7879858613014221 0.5067264573991032 0.0 0.0 0.0 558945 187607 
4 0.5157576411962509 0.5414898872375489 0.51719069480896 0.7895833 0.7705882 0.7879858613014221 0.5 0.0 0.0 0.0 564940 160629 
5 0.515047953526179 0.5398114249986761 0.5207765102386475 0.7895833 0.7705882 0.7879858613014221 0.5067264573991032 0.0 0.0 0.0 673906 183612 
6 0.5213614195585251 0.5387303078875822 0.5184012055397034 0.7895833 0.7705882 0.7879858613014221 0.5067264573991032 0.0 0.0 0.0 579937 163612 
7 0.5158312131961187 0.5420383488430697 0.5174447298049927 0.7895833 0.7705882 0.7879858613014221 0.49327354260089684 0.0 0.0 0.0 633919 175624 
8 0.5172118673721949 0.5420577368315529 0.5174541473388672 0.7895833 0.7705882 0.7879858613014221 0.5 0.0 0.0 0.0 819858 214612 
9 0.5195494492848715 0.5461284416563371 0.5198147296905518 0.7895833 0.7705882 0.7879858613014221 0.49327354260089684 0.0 0.0 0.0 709897 228588 
10 0.5143270949522655 0.5387096506707808 0.5183320045471191 0.7895833 0.7705882 0.7879858613014221 0.5 0.0 0.0 0.0 690901 158617 
11 0.5150603910287221 0.5522115770508261 0.5240283608436584 0.7895833 0.7705882 0.7879858613014221 0.5 0.0 0.0 0.0 638905 183632 
12 0.5180634786685308 0.539855210570728 0.5208555459976196 0.7895833 0.7705882 0.7879858613014221 0.5067264573991032 0.0 0.0 0.0 538948 135637 
13 0.5195220450560252 0.539011184608235 0.519160270690918 0.7895833 0.7705882 0.7879858613014221 0.49327354260089684 0.0 0.0 0.0 795869 181610 
14 0.5138660043478012 0.5475952534114613 0.5207808017730713 0.7895833 0.7705882 0.7879858613014221 0.49327354260089684 0.0 0.0 0.0 669907 146629 
15 0.5142522672812144 0.5431377582690295 0.5259385704994202 0.7895833 0.7705882 0.7879858613014221 0.5 0.0 0.0 0.0 716892 190619 
16 0.5191480139891307 0.5391277327257045 0.516649067401886 0.7895833 0.7705882 0.7879858613014221 0.49327354260089684 0.0 0.0 0.0 553934 179633 
17 0.5171058863401413 0.5393914026372573 0.5166139602661133 0.7895833 0.7705882 0.7879858613014221 0.49327354260089684 0.0 0.0 0.0 572937 168607 
18 0.5155689348777135 0.5483809467624216 0.5213139057159424 0.7895833 0.7705882 0.7879858613014221 0.5067264573991032 0.0 0.0 0.0 586931 137638 
19 0.5172132213910421 0.5399696911082549 0.5166706442832947 0.7895833 0.7705882 0.7879858613014221 0.5 0.0 0.0 0.0 522951 214615 
20 0.5175110638141632 0.5404239370542414 0.5218356251716614 0.7895833 0.7705882 0.7879858613014221 0.5067264573991032 0.0 0.0 0.0 600575 152635 
21 0.5174200505018234 0.5397293174968046 0.5166311264038086 0.7895833 0.7705882 0.7879858613014221 0.5067264573991032 0.0 0.0 0.0 757877 162624 
22 0.5210220158100128 0.54113909146365 0.5170423984527588 0.7895833 0.7705882 0.7879858613014221 0.5 0.0 0.0 0.0 855852 169609 
23 0.519348269701004 0.543284888828502 0.518095850944519 0.7895833 0.7705882 0.7879858613014221 0.5067264573991032 0.0 0.0 0.0 590932 174624 
24 0.5162255724271139 0.5474599364925833 0.5206899642944336 0.7895833 0.7705882 0.7879858613014221 0.5067264573991032 0.0 0.0 0.0 609925 176624 
25 0.5201683123906453 0.5386909355135525 0.5169510841369629 0.7895833 0.7705882 0.7879858613014221 0.5 0.0 0.0 0.0 611936 199607 
26 0.5168503413597743 0.5391818127211403 0.5166369676589966 0.7895833 0.7705882 0.7879858613014221 0.5067264573991032 0.0 0.0 0.0 634919 224595 
27 0.5150597671667735 0.5390201719368205 0.5166831612586975 0.7895833 0.7705882 0.7879858613014221 0.5 0.0 0.0 0.0 709899 203610 
28 0.5150710821151734 0.5474928996142219 0.52071213722229 0.7895833 0.7705882 0.7879858613014221 0.49327354260089684 0.0 0.0 0.0 750895 162623 
29 0.5194063574075699 0.5425140801598044 0.5176827311515808 0.7895833 0.7705882 0.7879858613014221 0.5067264573991032 0.0 0.0 0.0 573917 162629 
30 0.5155123949050904 0.5415654494481928 0.5172241926193237 0.7895833 0.7705882 0.7879858613014221 0.5067264573991032 0.0 0.0 0.0 588937 152627 
31 0.5171318928400676 0.5457638488096349 0.5195816159248352 0.7895833 0.7705882 0.7879858613014221 0.5067264573991032 0.0 0.0 0.0 605928 199601 
32 0.5169404089450836 0.5436224313343272 0.5266197919845581 0.7895833 0.7705882 0.7879858613014221 0.5067264573991032 0.0 0.0 0.0 573938 202602 
33 0.518680535753568 0.5405166678568896 0.5168154835700989 0.7895833 0.7705882 0.7879858613014221 0.5067264573991032 0.0 0.0 0.0 694895 153628 
34 0.5153671741485596 0.5396470665931702 0.5166222453117371 0.7895833 0.7705882 0.7879858613014221 0.5067264573991032 0.0 0.0 0.0 537950 170609 
35 0.5156133383512497 0.5387139516718248 0.5169162750244141 0.7895833 0.7705882 0.7879858613014221 0.5067264573991032 0.0 0.0 0.0 568938 136622 
36 0.5166181683540344 0.5387139201164246 0.5169162750244141 0.7895833 0.7705882 0.7879858613014221 0.5 0.0 0.0 0.0 657925 155618 
37 0.5155292709668478 0.5386406446204466 0.517049252986908 0.7895833 0.7705882 0.7879858613014221 0.5067264573991032 0.0 0.0 0.0 595932 152646 
38 0.5157715489466985 0.539363706813139 0.5166151523590088 0.7895833 0.7705882 0.7879858613014221 0.5 0.0 0.0 0.0 687901 143623 
39 0.5155253360668818 0.5445105244131649 0.518805742263794 0.7895833 0.7705882 0.7879858613014221 0.49327354260089684 0.0 0.0 0.0 564941 174608 
2021-01-15 19:45:53 | add fc layer number: 8 fold
epoch train_loss vali_loss test_loss train_acc vali_acc test_acc test_auc test_f1 test_recall test_precision train_time test_time
0 7.382286574443182 0.5205894561374889 0.5138466954231262 0.690625 0.7823529 0.7879858613014221 0.7437219730941703 0.0 0.0 0.0 238406 274588 
1 0.5281057775020599 0.5219645475640017 0.5111363530158997 0.7875 0.7823529 0.7879858613014221 0.7538116591928251 0.0 0.0 0.0 869841 183719 
2 0.5115727474292119 0.5087079177884495 0.4991133213043213 0.7875 0.7823529 0.7879858613014221 0.7532137518684605 0.0 0.0 0.0 617924 204602 
3 0.5132651666800181 0.5059476968120126 0.4988292157649994 0.7875 0.7823529 0.7879858613014221 0.7387892376681614 0.0 0.0 0.0 720889 224610 
4 0.5145315965016682 0.5252816762994318 0.5173516273498535 0.7875 0.7823529 0.7879858613014221 0.475 0.0 0.0 0.0 670901 207600 
5 0.5213842531045277 0.5280809139504152 0.5196002125740051 0.7875 0.7823529 0.7879858613014221 0.475 0.0 0.0 0.0 727886 210614 
6 0.5200440059105556 0.5239193646346821 0.5167577862739563 0.7875 0.7823529 0.7879858613014221 0.475 0.0 0.0 0.0 621922 155627 
7 0.5184235701958338 0.5285503124489503 0.5199980139732361 0.7875 0.7823529 0.7879858613014221 0.5 0.0 0.0 0.0 630920 175624 
8 0.5192268073558808 0.5244038552045822 0.5167662501335144 0.7875 0.7823529 0.7879858613014221 0.525 0.0 0.0 0.0 738902 142631 
9 0.5184885998566945 0.5239371969419367 0.5168233513832092 0.7875 0.7823529 0.7879858613014221 0.525 0.0 0.0 0.0 835856 164627 
10 0.5196941902240118 0.5239635677898631 0.5168923139572144 0.7875 0.7823529 0.7879858613014221 0.5 0.0 0.0 0.0 588933 154615 
11 0.5191591600577037 0.5253047276945675 0.5188092589378357 0.7875 0.7823529 0.7879858613014221 0.525 0.0 0.0 0.0 558941 208610 
12 0.5198106865088145 0.525798986939823 0.5177414417266846 0.7875 0.7823529 0.7879858613014221 0.5 0.0 0.0 0.0 596943 180623 
13 0.5196826885143916 0.5244375029030968 0.516785204410553 0.7875 0.7823529 0.7879858613014221 0.5 0.0 0.0 0.0 713895 175607 
14 0.5191825489203136 0.5262931672965779 0.5200135111808777 0.7875 0.7823529 0.7879858613014221 0.525 0.0 0.0 0.0 587935 143631 
15 0.5196839412053426 0.5239217858104145 0.5167691111564636 0.7875 0.7823529 0.7879858613014221 0.5 0.0 0.0 0.0 612924 193624 
16 0.5188245872656504 0.52471424165894 0.5169557929039001 0.7875 0.7823529 0.7879858613014221 0.525 0.0 0.0 0.0 648898 222608 
17 0.520455942551295 0.5271417144466849 0.5188166499137878 0.7875 0.7823529 0.7879858613014221 0.5 0.0 0.0 0.0 602933 217607 
18 0.5180797547101974 0.5293557500138002 0.5235409140586853 0.7875 0.7823529 0.7879858613014221 0.5 0.0 0.0 0.0 610928 171622 
19 0.5214711288611095 0.5239201675443088 0.5167617797851562 0.7875 0.7823529 0.7879858613014221 0.5 0.0 0.0 0.0 686901 142639 
20 0.5187680840492248 0.5268242054125842 0.5185565948486328 0.7875 0.7823529 0.7879858613014221 0.525 0.0 0.0 0.0 800863 135625 
21 0.5196048885583877 0.5244271884946262 0.5167793035507202 0.7875 0.7823529 0.7879858613014221 0.525 0.0 0.0 0.0 806861 147632 
22 0.5184325337409973 0.5256848138921401 0.5176538228988647 0.7875 0.7823529 0.7879858613014221 0.5 0.0 0.0 0.0 711891 156632 
23 0.5208352615435918 0.5287377431112177 0.5228431820869446 0.7875 0.7823529 0.7879858613014221 0.5 0.0 0.0 0.0 538943 194623 
24 0.5207197378079097 0.524187394100077 0.5172979831695557 0.7875 0.7823529 0.7879858613014221 0.475 0.0 0.0 0.0 726888 181604 
25 0.5183267712593078 0.5260598463170668 0.5179444551467896 0.7875 0.7823529 0.7879858613014221 0.475 0.0 0.0 0.0 556938 196616 
26 0.5176279127597809 0.5241806538665996 0.5172873735427856 0.7875 0.7823529 0.7879858613014221 0.5 0.0 0.0 0.0 758879 176625 
27 0.5194741527239481 0.5296417797313017 0.5209355354309082 0.7875 0.7823529 0.7879858613014221 0.5 0.0 0.0 0.0 629918 147633 
28 0.5204850723346074 0.5239153961924946 0.5166836977005005 0.7875 0.7823529 0.7879858613014221 0.525 0.0 0.0 0.0 637913 155615 
29 0.518281438946724 0.5239149891278323 0.516686201095581 0.7875 0.7823529 0.7879858613014221 0.475 0.0 0.0 0.0 770878 143632 
30 0.5190033306678136 0.5242219044881709 0.5173518061637878 0.7875 0.7823529 0.7879858613014221 0.475 0.0 0.0 0.0 730884 186617 
31 0.5191379646460216 0.524872665194904 0.5170615911483765 0.7875 0.7823529 0.7879858613014221 0.475 0.0 0.0 0.0 568937 173622 
32 0.5187419464190801 0.5241745931260726 0.5166538953781128 0.7875 0.7823529 0.7879858613014221 0.5 0.0 0.0 0.0 570937 160616 
33 0.5176635265350342 0.5239418790620916 0.5166321396827698 0.7875 0.7823529 0.7879858613014221 0.475 0.0 0.0 0.0 683886 137648 
34 0.5193222443262736 0.5314390871454687 0.522506833076477 0.7875 0.7823529 0.7879858613014221 0.525 0.0 0.0 0.0 675890 150649 
35 0.5209956655899683 0.5247234134113088 0.5169618129730225 0.7875 0.7823529 0.7879858613014221 0.525 0.0 0.0 0.0 721887 179623 
36 0.5200452327728271 0.524544669600094 0.5178186297416687 0.7875 0.7823529 0.7879858613014221 0.525 0.0 0.0 0.0 558942 175612 
37 0.5194166680177053 0.5249085913686191 0.5183042883872986 0.7875 0.7823529 0.7879858613014221 0.475 0.0 0.0 0.0 726887 193617 
38 0.519066588083903 0.524223478752024 0.5166746377944946 0.7875 0.7823529 0.7879858613014221 0.475 0.0 0.0 0.0 704892 145649 
39 0.517773014307022 0.5249683499336243 0.5183818340301514 0.7875 0.7823529 0.7879858613014221 0.475 0.0 0.0 0.0 526935 174627 
2021-01-15 19:53:17 | add fc layer number: 9 fold
epoch train_loss vali_loss test_loss train_acc vali_acc test_acc test_auc test_f1 test_recall test_precision train_time test_time
0 2.247185714411066 0.5905735976555768 0.5997442603111267 0.7658689 0.8117647 0.7872340679168701 0.7347222222222222 0.0 0.0 0.0 875200 303580 
1 0.5437253608167729 0.483669290823095 0.5203222632408142 0.7825182 0.8117647 0.7872340679168701 0.7003753753753754 0.0 0.0 0.0 824857 221606 
2 0.5305691833581686 0.48404388848473046 0.5179314613342285 0.7825182 0.8117647 0.7872340679168701 0.7173048048048047 0.0 0.0 0.0 830855 182605 
3 0.5312359896522407 0.48700432847527897 0.5189079642295837 0.7825182 0.8117647 0.7872340679168701 0.30232732732732737 0.0 0.0 0.0 961828 180610 
4 0.5306622665704971 0.5010929156752194 0.5257517099380493 0.7825182 0.8117647 0.7872340679168701 0.28727477477477475 0.0 0.0 0.0 991791 161626 
5 0.5513108613959956 0.49276778136982635 0.5204432606697083 0.7825182 0.8117647 0.7872340679168701 0.4152402402402402 0.0 0.0 0.0 946820 141635 
6 0.5263101841234888 0.5215538340456346 0.5412050485610962 0.7825182 0.8117647 0.7872340679168701 0.33843843843843846 0.0 0.0 0.0 814865 174621 
7 0.536323747451298 0.48464243832756493 0.5177364349365234 0.7825182 0.8117647 0.7872340679168701 0.5118993993993994 0.0 0.0 0.0 895821 157647 
8 0.5358176077255722 0.4858060717582703 0.5176092386245728 0.7825182 0.8117647 0.7872340679168701 0.535472972972973 0.0 0.0 0.0 701902 157624 
9 0.5255679486321361 0.4920239665929009 0.5200156569480896 0.7825182 0.8117647 0.7872340679168701 0.5394144144144143 0.0 0.0 0.0 801863 158172 
10 0.5339757640701674 0.48584763022030103 0.5176153182983398 0.7825182 0.8117647 0.7872340679168701 0.35060060060060066 0.0 0.0 0.0 993803 162629 
11 0.5301433610463365 0.4844266288420733 0.5178349614143372 0.7825182 0.8117647 0.7872340679168701 0.6811186186186186 0.0 0.0 0.0 753882 162614 
12 0.5248899213295202 0.48703609214109533 0.5178332328796387 0.7825182 0.8117647 0.7872340679168701 0.7047672672672672 0.0 0.0 0.0 851849 133624 
13 0.5245937747526119 0.48691388719222123 0.5177945494651794 0.7825182 0.8117647 0.7872340679168701 0.7070195195195195 0.0 0.0 0.0 841833 195620 
14 0.524187105255246 0.48474841819090003 0.5176970958709717 0.7825182 0.8117647 0.7872340679168701 0.5472597597597597 0.0 0.0 0.0 809859 156630 
15 0.5257760490853878 0.484317733259762 0.5179054737091064 0.7825182 0.8117647 0.7872340679168701 0.37203453453453456 0.0 0.0 0.0 945816 171610 
16 0.5306941925797081 0.488559853329378 0.5183550119400024 0.7825182 0.8117647 0.7872340679168701 0.3331831831831832 0.0 0.0 0.0 628922 151617 
17 0.5264625940374976 0.49225613159291887 0.5201407074928284 0.7825182 0.8117647 0.7872340679168701 0.624024024024024 0.0 0.0 0.0 812842 150644 
18 0.5273649043458806 0.4953489394748912 0.5219601392745972 0.7825182 0.8117647 0.7872340679168701 0.6026651651651652 0.0 0.0 0.0 834853 154636 
19 0.5256028211172612 0.4857485364465153 0.5176060199737549 0.7825182 0.8117647 0.7872340679168701 0.39050300300300306 0.0 0.0 0.0 835848 153636 
20 0.5261666323528329 0.489300457870259 0.5186604261398315 0.7825182 0.8117647 0.7872340679168701 0.6151651651651652 0.0 0.0 0.0 664908 219599 
21 0.5241801351246799 0.4844778081950019 0.5178093314170837 0.7825182 0.8117647 0.7872340679168701 0.47278528528528524 0.0 0.0 0.0 843832 141649 
22 0.5249750493840546 0.488655564364265 0.5183883309364319 0.7825182 0.8117647 0.7872340679168701 0.5062312312312311 0.0 0.0 0.0 916939 152640 
23 0.5280295937912273 0.487961842733271 0.5181248784065247 0.7825182 0.8117647 0.7872340679168701 0.4995495495495496 0.0 0.0 0.0 884835 152617 
24 0.5250137530802191 0.4894564004505382 0.518729567527771 0.7825182 0.8117647 0.7872340679168701 0.676051051051051 0.0 0.0 0.0 797864 143622 
25 0.5275646346106614 0.4863771256278543 0.517684280872345 0.7825182 0.8117647 0.7872340679168701 0.6604729729729729 0.0 0.0 0.0 767873 160628 
26 0.524682000496509 0.4851880564409144 0.517612636089325 0.7825182 0.8117647 0.7872340679168701 0.6716591591591591 0.0 0.0 0.0 717891 220612 
27 0.5264212754588966 0.4871175366289475 0.5178558230400085 0.7825182 0.8117647 0.7872340679168701 0.6802177177177177 0.0 0.0 0.0 855839 203605 
28 0.5253346958250955 0.48690590577967024 0.5177996754646301 0.7825182 0.8117647 0.7872340679168701 0.6853228228228229 0.0 0.0 0.0 715907 194600 
29 0.5248655439601605 0.486973530404708 0.517816960811615 0.7825182 0.8117647 0.7872340679168701 0.6907657657657658 0.0 0.0 0.0 782868 235607 
30 0.5248231540175308 0.48813134361715876 0.5181854963302612 0.7825182 0.8117647 0.7872340679168701 0.6940315315315315 0.0 0.0 0.0 670906 220596 
31 0.525355739846562 0.48432133758769313 0.5179005861282349 0.7825182 0.8117647 0.7872340679168701 0.6917417417417417 0.0 0.0 0.0 845845 239605 
32 0.526541325353807 0.48686265664942124 0.5177896022796631 0.7825182 0.8117647 0.7872340679168701 0.32413663663663667 0.0 0.0 0.0 943821 160625 
33 0.5254519870514428 0.4874648879556095 0.5179587006568909 0.7825182 0.8117647 0.7872340679168701 0.6644894894894895 0.0 0.0 0.0 788867 172628 
34 0.5257953499190889 0.4840500796542448 0.5181477069854736 0.7825182 0.8117647 0.7872340679168701 0.6831081081081081 0.0 0.0 0.0 898830 135637 
35 0.5251817537644156 0.4891347674762501 0.5185883641242981 0.7825182 0.8117647 0.7872340679168701 0.6823573573573573 0.0 0.0 0.0 972790 148639 
36 0.5251753900692441 0.4843384735724505 0.5178900361061096 0.7825182 0.8117647 0.7872340679168701 0.6881756756756756 0.0 0.0 0.0 596932 157628 
37 0.5245260730866463 0.4877685694133534 0.5180574655532837 0.7825182 0.8117647 0.7872340679168701 0.6837087087087088 0.0 0.0 0.0 627087 151635 
38 0.526948787915471 0.4894884095472448 0.5187441110610962 0.7825182 0.8117647 0.7872340679168701 0.6600225225225226 0.0 0.0 0.0 787868 170613 
39 0.5290361280619912 0.48974537218318265 0.5188608169555664 0.7825182 0.8117647 0.7872340679168701 0.6899024024024024 0.0 0.0 0.0 832858 172623 
2021-01-15 20:00:42 | add fc layer number: 10 fold
epoch train_loss vali_loss test_loss train_acc vali_acc test_acc test_auc test_f1 test_recall test_precision train_time test_time
0 6.574063087632331 0.4949675307554357 0.5245305895805359 0.74297607 0.80588233 0.7872340679168701 0.24707207207207207 0.0 0.0 0.0 564290 300579 
1 0.5397592191269445 0.4965502710903392 0.5143190622329712 0.7835588 0.80588233 0.7872340679168701 0.7607357357357358 0.0 0.0 0.0 737881 195604 
2 0.5570313864456379 0.48950806750970727 0.5166874527931213 0.7835588 0.80588233 0.7872340679168701 0.7483483483483483 0.0 0.0 0.0 987808 152631 
3 0.5217421466521492 0.4968202780274784 0.5326770544052124 0.7835588 0.80588233 0.7872340679168701 0.7431681681681681 0.0 0.0 0.0 802662 194618 
4 0.5151646344241193 0.4543107478057637 0.4853406250476837 0.7835588 0.80588233 0.7872340679168701 0.7114864864864865 0.0 0.0 0.0 902833 152628 
5 0.5343445639952661 0.496473515734953 0.5275198817253113 0.7835588 0.80588233 0.7872340679168701 0.48333333333333334 0.0 0.0 0.0 681901 196603 
6 0.5329772658824424 0.4935419861008139 0.5176224708557129 0.7835588 0.80588233 0.7872340679168701 0.5166666666666667 0.0 0.0 0.0 976795 169640 
7 0.525785714201823 0.49217003724154307 0.5183432698249817 0.7835588 0.80588233 0.7872340679168701 0.5166666666666667 0.0 0.0 0.0 719877 172638 
8 0.5250729569287256 0.5089991085669574 0.5272544026374817 0.7835588 0.80588233 0.7872340679168701 0.5 0.0 0.0 0.0 710891 234602 
9 0.5305467264399196 0.4921565960435306 0.5189831256866455 0.7835588 0.80588233 0.7872340679168701 0.48333333333333334 0.0 0.0 0.0 51789 170622 
10 0.5251525286953358 0.5014619273297927 0.5217781066894531 0.7835588 0.80588233 0.7872340679168701 0.5 0.0 0.0 0.0 674889 148647 
11 0.5294588497073296 0.4924594234017765 0.5202063322067261 0.7835588 0.80588233 0.7872340679168701 0.5166666666666667 0.0 0.0 0.0 955802 152645 
12 0.5246424414798943 0.4964743333704331 0.5187289118766785 0.7835588 0.80588233 0.7872340679168701 0.5 0.0 0.0 0.0 695883 175639 
13 0.5225333733315523 0.4930552742060493 0.5176035761833191 0.7835588 0.80588233 0.7872340679168701 0.5166666666666667 0.0 0.0 0.0 878834 162648 
14 0.5299823023029967 0.49256528896443985 0.5204980373382568 0.7835588 0.80588233 0.7872340679168701 0.5166666666666667 0.0 0.0 0.0 17810 142631 
15 0.526278700001158 0.49288781951455507 0.5176259875297546 0.7835588 0.80588233 0.7872340679168701 0.5166666666666667 0.0 0.0 0.0 714874 170414 
16 0.5233172831996795 0.49432997142567353 0.5178051590919495 0.7835588 0.80588233 0.7872340679168701 0.48333333333333334 0.0 0.0 0.0 697897 166612 
17 0.5269159528889096 0.4950311920222114 0.5180575847625732 0.7835588 0.80588233 0.7872340679168701 0.48333333333333334 0.0 0.0 0.0 621924 205600 
18 0.5252233571552213 0.49275352183510274 0.5176602005958557 0.7835588 0.80588233 0.7872340679168701 0.5166666666666667 0.0 0.0 0.0 869847 194599 
19 0.5252438241249565 0.4940676037003012 0.517729640007019 0.7835588 0.80588233 0.7872340679168701 0.5 0.0 0.0 0.0 876829 209624 
20 0.5233309675825994 0.49450643062591554 0.5178624391555786 0.7835588 0.80588233 0.7872340679168701 0.5 0.0 0.0 0.0 817858 167627 
21 0.5241701085659269 0.4927681151558371 0.517655611038208 0.7835588 0.80588233 0.7872340679168701 0.5166666666666667 0.0 0.0 0.0 703895 240603 
22 0.524151527546695 0.49473487980225506 0.5179431438446045 0.7835588 0.80588233 0.7872340679168701 0.48333333333333334 0.0 0.0 0.0 13798 129622 
23 0.5241027153431439 0.49315261139589195 0.5175986886024475 0.7835588 0.80588233 0.7872340679168701 0.48333333333333334 0.0 0.0 0.0 875842 164632 
24 0.523538997251459 0.492316850493936 0.5179765224456787 0.7835588 0.80588233 0.7872340679168701 0.5166666666666667 0.0 0.0 0.0 692903 180617 
25 0.5245941582753184 0.49629024126950433 0.5186349749565125 0.7835588 0.80588233 0.7872340679168701 0.5 0.0 0.0 0.0 898833 143650 
26 0.5232990842456003 0.49481571211534386 0.5179733633995056 0.7835588 0.80588233 0.7872340679168701 0.48333333333333334 0.0 0.0 0.0 891836 133620 
27 0.5259778607524273 0.4931193842607386 0.5175997018814087 0.7835588 0.80588233 0.7872340679168701 0.5 0.0 0.0 0.0 863844 138622 
28 0.5253360168184624 0.4921396648182588 0.5186229348182678 0.7835588 0.80588233 0.7872340679168701 0.5166666666666667 0.0 0.0 0.0 635932 208664 
29 0.5263370460327657 0.5036511533400592 0.5232981443405151 0.7835588 0.80588233 0.7872340679168701 0.5 0.0 0.0 0.0 966811 158614 
30 0.5323401814351841 0.492236687856562 0.518124520778656 0.7835588 0.80588233 0.7872340679168701 0.5 0.0 0.0 0.0 944829 153610 
31 0.5256539846186087 0.49511060995214123 0.5180898904800415 0.7835588 0.80588233 0.7872340679168701 0.48333333333333334 0.0 0.0 0.0 665908 183609 
32 0.5258978625117926 0.49396476955974805 0.5177035331726074 0.7835588 0.80588233 0.7872340679168701 0.48333333333333334 0.0 0.0 0.0 863828 152650 
33 0.5246226363015845 0.49269963713253245 0.5176791548728943 0.7835588 0.80588233 0.7872340679168701 0.5 0.0 0.0 0.0 764875 160632 
34 0.5252042821183041 0.4960899801815257 0.5185350179672241 0.7835588 0.80588233 0.7872340679168701 0.5 0.0 0.0 0.0 779886 181617 
35 0.5236513136607923 0.49217687003752764 0.5191342234611511 0.7835588 0.80588233 0.7872340679168701 0.5 0.0 0.0 0.0 9797 154620 
36 0.524514064177266 0.4974967023905586 0.5192837715148926 0.7835588 0.80588233 0.7872340679168701 0.48333333333333334 0.0 0.0 0.0 885839 201600 
37 0.5236100043237023 0.4924647471484016 0.5178139209747314 0.7835588 0.80588233 0.7872340679168701 0.48333333333333334 0.0 0.0 0.0 956812 151629 
38 0.5245108688783199 0.4977924746625564 0.519453227519989 0.7835588 0.80588233 0.7872340679168701 0.5166666666666667 0.0 0.0 0.0 743881 157613 
39 0.5320179150144217 0.4928201668402728 0.517641007900238 0.7835588 0.80588233 0.7872340679168701 0.48333333333333334 0.0 0.0 0.0 980825 143620 
2021-01-17 15:14:15 | add fc layer number: 1 fold
epoch train_loss vali_loss test_loss train_acc vali_acc test_acc test_auc test_f1 test_recall test_precision train_time test_time
0 40.292514304320015 0.6588597458951614 0.6616014838218689 0.709375 0.8117647 0.7879858613014221 0.5067264573991032 0.0 0.0 0.0 687289 561669 
1 0.5803449302911758 0.48367272054447846 0.5187991261482239 0.78229165 0.8117647 0.7879858613014221 0.5 0.0 0.0 0.0 818859 182619 
2 0.5268892755111059 0.49083973730311675 0.5185169577598572 0.78229165 0.8117647 0.7879858613014221 0.5067264573991032 0.0 0.0 0.0 832856 170623 
3 0.5249953498442967 0.48414147706592786 0.5170104503631592 0.78229165 0.8117647 0.7879858613014221 0.5067264573991032 0.0 0.0 0.0 823859 174622 
4 0.5255142370859782 0.4885382939787472 0.5174281001091003 0.78229165 0.8117647 0.7879858613014221 0.5 0.0 0.0 0.0 864843 175624 
5 0.5251325438419978 0.48458141929963056 0.5167437791824341 0.78229165 0.8117647 0.7879858613014221 0.5 0.0 0.0 0.0 903832 192616 
6 0.5248191108306249 0.4867267734864179 0.5168059468269348 0.78229165 0.8117647 0.7879858613014221 0.5 0.0 0.0 0.0 892837 185996 
7 0.5257960269848506 0.4865690315470976 0.5167674422264099 0.78229165 0.8117647 0.7879858613014221 0.5 0.0 0.0 0.0 895820 169636 
8 0.5262005418539047 0.48446799095939186 0.5167921781539917 0.78229165 0.8117647 0.7879858613014221 0.5067264573991032 0.0 0.0 0.0 921824 183619 
9 0.5267878671487173 0.4905429878655602 0.5183637738227844 0.78229165 0.8117647 0.7879858613014221 0.49327354260089684 0.0 0.0 0.0 901833 185607 
10 0.5247336010138194 0.4854180889971116 0.5166128873825073 0.78229165 0.8117647 0.7879858613014221 0.5067264573991032 0.0 0.0 0.0 874823 172639 
11 0.5250147730112076 0.4851221757776597 0.5166247487068176 0.78229165 0.8117647 0.7879858613014221 0.5067264573991032 0.0 0.0 0.0 42791 184618 
12 0.5264385541280111 0.4843618045834934 0.5168483257293701 0.78229165 0.8117647 0.7879858613014221 0.5 0.0 0.0 0.0 16782 192617 
13 0.5246994107961654 0.49109868091695447 0.5186532735824585 0.78229165 0.8117647 0.7879858613014221 0.5 0.0 0.0 0.0 934821 205616 
14 0.525575868288676 0.4869610316613141 0.5168687701225281 0.78229165 0.8117647 0.7879858613014221 0.5 0.0 0.0 0.0 74772 225612 
15 0.525059574842453 0.48478890061378477 0.5166794061660767 0.78229165 0.8117647 0.7879858613014221 0.49327354260089684 0.0 0.0 0.0 144756 178605 
16 0.529854557911555 0.4924146147335277 0.5193778276443481 0.78229165 0.8117647 0.7879858613014221 0.5067264573991032 0.0 0.0 0.0 20792 196606 
17 0.5254104882478714 0.48773166011361513 0.517116367816925 0.78229165 0.8117647 0.7879858613014221 0.5067264573991032 0.0 0.0 0.0 964810 213612 
18 0.5251250704129536 0.4848912600208731 0.5166571140289307 0.78229165 0.8117647 0.7879858613014221 0.5067264573991032 0.0 0.0 0.0 972810 204612 
19 0.5277361949284871 0.494553779854494 0.5206487774848938 0.78229165 0.8117647 0.7879858613014221 0.5 0.0 0.0 0.0 934818 204604 
20 0.5250470111767451 0.48403396045460423 0.5171221494674683 0.78229165 0.8117647 0.7879858613014221 0.5 0.0 0.0 0.0 942818 209600 
21 0.5240861694018046 0.4915304751957164 0.5188853144645691 0.78229165 0.8117647 0.7879858613014221 0.5067264573991032 0.0 0.0 0.0 66783 198610 
22 0.5293851276238759 0.4838306476088131 0.5174458026885986 0.78229165 0.8117647 0.7879858613014221 0.5 0.0 0.0 0.0 26794 213610 
23 0.5262310594320297 0.48431207783081953 0.5168790221214294 0.78229165 0.8117647 0.7879858613014221 0.49327354260089684 0.0 0.0 0.0 956810 201606 
24 0.5244783709446589 0.49368567992659174 0.5201210379600525 0.78229165 0.8117647 0.7879858613014221 0.49327354260089684 0.0 0.0 0.0 946819 203611 
25 0.5264090279738108 0.48678003935252917 0.5168196558952332 0.78229165 0.8117647 0.7879858613014221 0.5067264573991032 0.0 0.0 0.0 924807 200619 
26 0.5263149509827296 0.4857294808415806 0.516627848148346 0.78229165 0.8117647 0.7879858613014221 0.49327354260089684 0.0 0.0 0.0 982807 211599 
27 0.5262302259604136 0.4852853641790502 0.5166147351264954 0.78229165 0.8117647 0.7879858613014221 0.49327354260089684 0.0 0.0 0.0 944816 208606 
28 0.5252173533042271 0.4854129440644208 0.5166128873825073 0.78229165 0.8117647 0.7879858613014221 0.49327354260089684 0.0 0.0 0.0 928809 189620 
29 0.5253826508919398 0.48506798954570995 0.5166303515434265 0.78229165 0.8117647 0.7879858613014221 0.5 0.0 0.0 0.0 955819 195600 
30 0.525865085919698 0.4890491941395928 0.5176475048065186 0.78229165 0.8117647 0.7879858613014221 0.5067264573991032 0.0 0.0 0.0 6783 214630 
31 0.5251294354597728 0.4862437269266914 0.5166990756988525 0.78229165 0.8117647 0.7879858613014221 0.5067264573991032 0.0 0.0 0.0 32787 272593 
32 0.525430162747701 0.4865843050620135 0.5167710781097412 0.78229165 0.8117647 0.7879858613014221 0.5067264573991032 0.0 0.0 0.0 963815 187608 
33 0.5259560942649841 0.48687884246601776 0.5168460011482239 0.78229165 0.8117647 0.7879858613014221 0.5067264573991032 0.0 0.0 0.0 992803 159615 
34 0.5245285371939341 0.48835564115468194 0.5173535346984863 0.78229165 0.8117647 0.7879858613014221 0.49327354260089684 0.0 0.0 0.0 975815 199611 
35 0.5267760515213012 0.48990968185312606 0.5180480480194092 0.78229165 0.8117647 0.7879858613014221 0.49327354260089684 0.0 0.0 0.0 941818 186610 
36 0.5258151223262151 0.485251738394008 0.5166160464286804 0.78229165 0.8117647 0.7879858613014221 0.5067264573991032 0.0 0.0 0.0 972810 231605 
37 0.5246094137430191 0.4879067624316496 0.5171799659729004 0.78229165 0.8117647 0.7879858613014221 0.49327354260089684 0.0 0.0 0.0 919825 190620 
38 0.5244844992955525 0.48562020904877606 0.5166199207305908 0.78229165 0.8117647 0.7879858613014221 0.49327354260089684 0.0 0.0 0.0 917826 221596 
39 0.524898095925649 0.4851527305210338 0.5166222453117371 0.78229165 0.8117647 0.7879858613014221 0.5067264573991032 0.0 0.0 0.0 917824 236602 
2021-01-17 15:22:06 | add fc layer number: 2 fold
epoch train_loss vali_loss test_loss train_acc vali_acc test_acc test_auc test_f1 test_recall test_precision train_time test_time
0 2.425369468331337 0.5075880254016203 0.5259422063827515 0.6333333 0.80588233 0.7879858613014221 0.25837070254110617 0.0 0.0 0.0 347366 322577 
1 0.5343819697697957 0.4901258910403532 0.5144142508506775 0.78333336 0.80588233 0.7879858613014221 0.7650224215246636 0.0 0.0 0.0 947813 180610 
2 0.5299196769793828 0.5026212446829852 0.5346882939338684 0.78333336 0.80588233 0.7879858613014221 0.2523916292974589 0.0 0.0 0.0 972808 156619 
3 0.5323367436726888 0.5026209775139304 0.5217092037200928 0.78333336 0.80588233 0.7879858613014221 0.5973094170403588 0.0 0.0 0.0 993803 227420 
4 0.5307085434595744 0.49912950291353114 0.5192956328392029 0.78333336 0.80588233 0.7879858613014221 0.7560538116591928 0.0 0.0 0.0 25781 174637 
5 0.5270718375841776 0.49051524996757506 0.515899658203125 0.78333336 0.80588233 0.7879858613014221 0.7632286995515695 0.0 0.0 0.0 58778 189621 
6 0.5241748819748561 0.4920663784531986 0.5181040167808533 0.78333336 0.80588233 0.7879858613014221 0.47735426008968607 0.0 0.0 0.0 985803 174627 
7 0.5244110971689224 0.4910152063650243 0.5158073902130127 0.78333336 0.80588233 0.7879858613014221 0.7624813153961135 0.0 0.0 0.0 989804 187605 
8 0.526075221101443 0.5001576276386486 0.5200405120849609 0.78333336 0.80588233 0.7879858613014221 0.7490284005979074 0.0 0.0 0.0 34774 160648 
9 0.5286099225282669 0.4954551472383387 0.5168098211288452 0.78333336 0.80588233 0.7879858613014221 0.7523916292974591 0.0 0.0 0.0 976803 192606 
10 0.5235747863849004 0.49141166736097897 0.5142519474029541 0.78333336 0.80588233 0.7879858613014221 0.7771300448430493 0.0 0.0 0.0 989787 162640 
11 0.6050260186195373 0.49313217366442963 0.5207646489143372 0.78333336 0.80588233 0.7879858613014221 0.5923019431988042 0.0 0.0 0.0 21791 164620 
12 0.6028882960478464 0.48124385230681477 0.5096375942230225 0.78333336 0.80588233 0.7879858613014221 0.7587443946188341 0.0 0.0 0.0 973807 190605 
13 0.5337399075428645 0.49486608996110804 0.5156816840171814 0.78333336 0.80588233 0.7879858613014221 0.757473841554559 0.0 0.0 0.0 952816 173623 
14 0.5263273119926453 0.5132881469586317 0.5301509499549866 0.78333336 0.80588233 0.7879858613014221 0.7532137518684604 0.0 0.0 0.0 965810 196602 
15 0.5286080261071523 0.4956602706628687 0.5168604254722595 0.78333336 0.80588233 0.7879858613014221 0.770627802690583 0.0 0.0 0.0 47770 170625 
16 0.5424368371566136 0.490411776304245 0.5135664939880371 0.78333336 0.80588233 0.7879858613014221 0.7416292974588937 0.0 0.0 0.0 966805 180624 
17 0.512613504131635 0.4787383479230544 0.5107449889183044 0.78333336 0.80588233 0.7879858613014221 0.7709267563527653 0.0 0.0 0.0 1796 179626 
18 0.5011250893274943 0.46140765898367936 0.48291733860969543 0.78333336 0.80588233 0.7879858613014221 0.7557548579970105 0.0 0.0 0.0 6797 176623 
19 0.48340409497419995 0.6447845136418062 0.6600473523139954 0.78333336 0.49411765 0.434628963470459 0.7531390134529147 0.4202898550724638 0.9666666666666667 0.26851851851851855 958812 185610 
20 0.505246572693189 0.41263475277844597 0.4655520021915436 0.75208336 0.80588233 0.7879858613014221 0.7426008968609865 0.0 0.0 0.0 72788 199617 
21 0.6092940320571264 0.4921428322792053 0.5177460312843323 0.76666665 0.80588233 0.7879858613014221 0.49327354260089684 0.0 0.0 0.0 34791 204613 
22 0.5273077338933945 0.4937932663104113 0.5167027711868286 0.78333336 0.80588233 0.7879858613014221 0.49327354260089684 0.0 0.0 0.0 46772 162617 
23 0.5251522908608118 0.49466618615038255 0.516980767250061 0.78333336 0.80588233 0.7879858613014221 0.5 0.0 0.0 0.0 990818 179622 
24 0.5263098975022634 0.4922749670112834 0.5170063376426697 0.78333336 0.80588233 0.7879858613014221 0.5067264573991032 0.0 0.0 0.0 975824 180622 
25 0.5247710853815079 0.49614185515572046 0.5176568627357483 0.78333336 0.80588233 0.7879858613014221 0.5067264573991032 0.0 0.0 0.0 936805 186633 
26 0.5249084721008936 0.4966957912725561 0.5179516077041626 0.78333336 0.80588233 0.7879858613014221 0.5067264573991032 0.0 0.0 0.0 987800 199603 
27 0.5234266579151153 0.4942458426251131 0.5168308019638062 0.78333336 0.80588233 0.7879858613014221 0.5067264573991032 0.0 0.0 0.0 933823 192606 
28 0.5229968518018723 0.492277693047243 0.517001748085022 0.78333336 0.80588233 0.7879858613014221 0.5067264573991032 0.0 0.0 0.0 996802 193613 
29 0.524680941303571 0.49306917541167317 0.5166134834289551 0.78333336 0.80588233 0.7879858613014221 0.49327354260089684 0.0 0.0 0.0 60777 189619 
30 0.5235874434312184 0.49336187874569615 0.5166267156600952 0.78333336 0.80588233 0.7879858613014221 0.5067264573991032 0.0 0.0 0.0 937817 188611 
31 0.52388849457105 0.49471775082980884 0.5170008540153503 0.78333336 0.80588233 0.7879858613014221 0.5067264573991032 0.0 0.0 0.0 995786 167627 
32 0.5240370213985444 0.4927084214547101 0.5166691541671753 0.78333336 0.80588233 0.7879858613014221 0.5067264573991032 0.0 0.0 0.0 957813 283573 
33 0.5237987160682678 0.4933999903061811 0.516631007194519 0.78333336 0.80588233 0.7879858613014221 0.5 0.0 0.0 0.0 979818 192615 
34 0.5247154961029689 0.49245486049091114 0.5167994499206543 0.78333336 0.80588233 0.7879858613014221 0.5067264573991032 0.0 0.0 0.0 974805 202605 
35 0.5228123674790065 0.49570839229752034 0.5174394249916077 0.78333336 0.80588233 0.7879858613014221 0.5067264573991032 0.0 0.0 0.0 935818 194621 
36 0.5239885747432709 0.4928946186514462 0.5166275501251221 0.78333336 0.80588233 0.7879858613014221 0.5 0.0 0.0 0.0 974805 169626 
37 0.5233242203791936 0.49333247472258174 0.5166236758232117 0.78333336 0.80588233 0.7879858613014221 0.49327354260089684 0.0 0.0 0.0 984805 206601 
38 0.5235362142324448 0.4934580634622013 0.5166386365890503 0.78333336 0.80588233 0.7879858613014221 0.5067264573991032 0.0 0.0 0.0 864829 247596 
39 0.5234993696212769 0.49289196379044475 0.5166279673576355 0.78333336 0.80588233 0.7879858613014221 0.5067264573991032 0.0 0.0 0.0 899833 282607 
2021-01-17 15:29:58 | add fc layer number: 3 fold
epoch train_loss vali_loss test_loss train_acc vali_acc test_acc test_auc test_f1 test_recall test_precision train_time test_time
0 32.188917301098506 0.5125380957827849 0.540285050868988 0.66979164 0.81764704 0.7844523191452026 0.5 0.0 0.0 0.0 369363 296572 
1 0.5519269317388534 0.48474062050090116 0.5229405760765076 0.7604167 0.81764704 0.7844523191452026 0.5 0.0 0.0 0.0 934820 162616 
2 0.5263423373301824 0.48368317940655875 0.5225068926811218 0.78229165 0.81764704 0.7844523191452026 0.5067567567567568 0.0 0.0 0.0 999802 182621 
3 0.5247408340374629 0.47843478988198673 0.5212154388427734 0.78229165 0.81764704 0.7844523191452026 0.5067567567567568 0.0 0.0 0.0 979805 172616 
4 0.5252078751722972 0.4761652876349056 0.521778404712677 0.78229165 0.81764704 0.7844523191452026 0.5 0.0 0.0 0.0 981807 198615 
5 0.525128557284673 0.480533065515406 0.52149897813797 0.78229165 0.81764704 0.7844523191452026 0.5067567567567568 0.0 0.0 0.0 26793 185608 
6 0.5249188770850499 0.4749521297567031 0.5243870615959167 0.78229165 0.81764704 0.7844523191452026 0.49324324324324326 0.0 0.0 0.0 1801 193605 
7 0.5273665865262349 0.4831580512663897 0.5223063230514526 0.78229165 0.81764704 0.7844523191452026 0.5067567567567568 0.0 0.0 0.0 15795 198617 
8 0.5268753697474797 0.4855618659187766 0.5233018398284912 0.78229165 0.81764704 0.7844523191452026 0.5 0.0 0.0 0.0 983800 193619 
9 0.5268322199583053 0.4864593421711641 0.5237177014350891 0.78229165 0.81764704 0.7844523191452026 0.5067567567567568 0.0 0.0 0.0 40789 207600 
10 0.5258261859416962 0.48149068495806524 0.5217497944831848 0.78229165 0.81764704 0.7844523191452026 0.49324324324324326 0.0 0.0 0.0 32791 179622 
11 0.5258921494086584 0.47551066454719093 0.5224475860595703 0.78229165 0.81764704 0.7844523191452026 0.49324324324324326 0.0 0.0 0.0 978804 212616 
12 0.5262157092491786 0.4760936884319081 0.5218299627304077 0.78229165 0.81764704 0.7844523191452026 0.5067567567567568 0.0 0.0 0.0 976803 203603 
13 0.525436810652415 0.4774558551171247 0.5212828516960144 0.78229165 0.81764704 0.7844523191452026 0.5 0.0 0.0 0.0 43784 191605 
14 0.5243072837591172 0.4872608921107124 0.524105966091156 0.78229165 0.81764704 0.7844523191452026 0.5067567567567568 0.0 0.0 0.0 104768 214609 
15 0.5250466128190359 0.4751438764964833 0.523236870765686 0.78229165 0.81764704 0.7844523191452026 0.5 0.0 0.0 0.0 10794 171624 
16 0.5265586862961451 0.4811643397106844 0.5216578841209412 0.78229165 0.81764704 0.7844523191452026 0.5067567567567568 0.0 0.0 0.0 62778 190621 
17 0.5256706853707631 0.4749508500099182 0.5251070261001587 0.78229165 0.81764704 0.7844523191452026 0.49324324324324326 0.0 0.0 0.0 976801 208603 
18 0.5318350632985432 0.4752641895238091 0.5229073166847229 0.78229165 0.81764704 0.7844523191452026 0.49324324324324326 0.0 0.0 0.0 67778 197616 
19 0.5260255416234334 0.4777068909476785 0.5212478637695312 0.78229165 0.81764704 0.7844523191452026 0.49324324324324326 0.0 0.0 0.0 149752 184606 
20 0.5271509031454722 0.4958649985930499 0.5289638638496399 0.78229165 0.81764704 0.7844523191452026 0.5 0.0 0.0 0.0 197736 163617 
21 0.5277138948440552 0.48181947609957526 0.5218486189842224 0.78229165 0.81764704 0.7844523191452026 0.5 0.0 0.0 0.0 974820 179611 
22 0.5262938608725866 0.48135144920910106 0.5217098593711853 0.78229165 0.81764704 0.7844523191452026 0.49324324324324326 0.0 0.0 0.0 88767 224609 
23 0.5264185359080632 0.47498208845362944 0.5240287780761719 0.78229165 0.81764704 0.7844523191452026 0.49324324324324326 0.0 0.0 0.0 986807 187601 
24 0.5249602615833282 0.482382326967576 0.5220309495925903 0.78229165 0.81764704 0.7844523191452026 0.5 0.0 0.0 0.0 980807 189615 
25 0.5245336800813675 0.4766674448462094 0.5215049982070923 0.78229165 0.81764704 0.7844523191452026 0.5 0.0 0.0 0.0 963814 187620 
26 0.5267559478680293 0.484735089189866 0.5229381918907166 0.78229165 0.81764704 0.7844523191452026 0.49324324324324326 0.0 0.0 0.0 999803 173623 
27 0.5264291216929754 0.48414086874793555 0.5226899981498718 0.78229165 0.81764704 0.7844523191452026 0.5067567567567568 0.0 0.0 0.0 976810 207609 
28 0.5238389909267426 0.4760408226181479 0.5218705534934998 0.78229165 0.81764704 0.7844523191452026 0.49324324324324326 0.0 0.0 0.0 8798 203617 
29 0.5271449436744055 0.4774327579666586 0.5212868452072144 0.78229165 0.81764704 0.7844523191452026 0.49324324324324326 0.0 0.0 0.0 76770 208601 
30 0.5254184623559316 0.48246841009925395 0.5220602750778198 0.78229165 0.81764704 0.7844523191452026 0.5 0.0 0.0 0.0 43773 178633 
31 0.5259758373101552 0.48534333986394546 0.5232037901878357 0.78229165 0.81764704 0.7844523191452026 0.5 0.0 0.0 0.0 47783 184609 
32 0.5254493296146393 0.48143741663764505 0.5217344164848328 0.78229165 0.81764704 0.7844523191452026 0.5 0.0 0.0 0.0 991799 172622 
33 0.5249636272589365 0.48567573954077325 0.5233534574508667 0.78229165 0.81764704 0.7844523191452026 0.5 0.0 0.0 0.0 986805 191610 
34 0.5250545412302017 0.4783737897872925 0.5212146639823914 0.78229165 0.81764704 0.7844523191452026 0.5 0.0 0.0 0.0 45789 184618 
35 0.5319068441788356 0.49837986581465776 0.5305503606796265 0.78229165 0.81764704 0.7844523191452026 0.5 0.0 0.0 0.0 985808 190605 
36 0.527456201116244 0.4796372967607835 0.521324634552002 0.78229165 0.81764704 0.7844523191452026 0.49324324324324326 0.0 0.0 0.0 946814 190619 
37 0.5250904202461243 0.47640775091507853 0.521629273891449 0.78229165 0.81764704 0.7844523191452026 0.49324324324324326 0.0 0.0 0.0 957833 231593 
38 0.5256481230258941 0.4781603034804849 0.5212169885635376 0.78229165 0.81764704 0.7844523191452026 0.49324324324324326 0.0 0.0 0.0 943818 225609 
39 0.5264228492975235 0.4749428146025714 0.5247968435287476 0.78229165 0.81764704 0.7844523191452026 0.49324324324324326 0.0 0.0 0.0 922827 225620 
2021-01-17 15:37:54 | add fc layer number: 4 fold
epoch train_loss vali_loss test_loss train_acc vali_acc test_acc test_auc test_f1 test_recall test_precision train_time test_time
0 122.37356836316985 0.5951058794470394 0.603173553943634 0.6753382 0.80588233 0.7872340679168701 0.19797297297297295 0.0 0.0 0.0 191102 21351 
1 0.6421269378726614 0.5091024020138909 0.5427868366241455 0.74401665 0.80588233 0.7872340679168701 0.206981981981982 0.0 0.0 0.0 197739 196605 
2 0.5422021658251859 0.5342842102050781 0.549766480922699 0.7835588 0.80588233 0.7872340679168701 0.20645645645645644 0.0 0.0 0.0 161732 196637 
3 0.5439701040317066 0.48569853200631985 0.5099355578422546 0.7835588 0.80588233 0.7872340679168701 0.7591591591591591 0.0 0.0 0.0 43784 186620 
4 0.5230067668949776 0.4845128325855031 0.5182015895843506 0.7835588 0.80588233 0.7872340679168701 0.7673423423423423 0.0 0.0 0.0 112753 182634 
5 0.5284909397890863 0.5177270889282226 0.5549594759941101 0.7835588 0.80588233 0.7872340679168701 0.7800300300300299 0.0 0.0 0.0 147739 190633 
6 0.5499397254511171 0.505201469449436 0.523007869720459 0.7835588 0.80588233 0.7872340679168701 0.7553303303303303 0.0 0.0 0.0 141739 162629 
7 0.5512511796249188 0.5059943444588605 0.522375226020813 0.7835588 0.80588233 0.7872340679168701 0.7959459459459459 0.0 0.0 0.0 217745 201616 
8 0.5236849102126696 0.48389120172051825 0.5106856822967529 0.7835588 0.80588233 0.7872340679168701 0.7827327327327327 0.0 0.0 0.0 186738 187608 
9 0.5232479957307414 0.4749411267392776 0.499022513628006 0.7835588 0.80588233 0.7872340679168701 0.7947447447447449 0.0 0.0 0.0 153756 189615 
10 0.5189104970238335 0.4771378205103033 0.4985527992248535 0.7835588 0.80588233 0.7872340679168701 0.7832582582582582 0.0 0.0 0.0 141755 208616 
11 0.530927271302111 0.5124286076601814 0.529609739780426 0.7835588 0.80588233 0.7872340679168701 0.7179429429429429 0.0 0.0 0.0 133755 185620 
12 0.5420714742683347 0.4972828142783221 0.5193366408348083 0.7835588 0.80588233 0.7872340679168701 0.30728228228228227 0.0 0.0 0.0 126759 186606 
13 1.4446776970120052 0.5581135041573468 0.5688125491142273 0.7252862 0.80588233 0.7872340679168701 0.6028903903903904 0.0 0.0 0.0 153751 197616 
14 0.5567743888630703 0.5320230378824122 0.5460833311080933 0.7835588 0.80588233 0.7872340679168701 0.24354354354354352 0.0 0.0 0.0 52785 206612 
15 0.5407500350605561 0.49249811312731573 0.5177880525588989 0.7835588 0.80588233 0.7872340679168701 0.5045045045045045 0.0 0.0 0.0 38787 195619 
16 0.5254134641074489 0.4925118867088767 0.5177780985832214 0.7835588 0.80588233 0.7872340679168701 0.5 0.0 0.0 0.0 62782 205603 
17 0.5251306810655654 0.49360635070239794 0.5176317691802979 0.7835588 0.80588233 0.7872340679168701 0.4954954954954955 0.0 0.0 0.0 66779 203622 
18 0.5234660081852239 0.493968964324278 0.5177045464515686 0.7835588 0.80588233 0.7872340679168701 0.5045045045045045 0.0 0.0 0.0 39790 208596 
19 0.5234754721747477 0.4927096135476056 0.5176752805709839 0.7835588 0.80588233 0.7872340679168701 0.5045045045045045 0.0 0.0 0.0 38803 185608 
20 0.5229442950869202 0.49382314050898835 0.5176713466644287 0.7835588 0.80588233 0.7872340679168701 0.5045045045045045 0.0 0.0 0.0 87772 192607 
21 0.5234107836600272 0.49315233931821933 0.5175987482070923 0.7835588 0.80588233 0.7872340679168701 0.5 0.0 0.0 0.0 39784 317577 
22 0.5232954560221792 0.493444342472974 0.5176111459732056 0.7835588 0.80588233 0.7872340679168701 0.5045045045045045 0.0 0.0 0.0 101771 193616 
23 0.5235484193595713 0.49258139694438263 0.5177343487739563 0.7835588 0.80588233 0.7872340679168701 0.5045045045045045 0.0 0.0 0.0 40790 212612 
24 0.5236770025649254 0.493768487257116 0.5176602602005005 0.7835588 0.80588233 0.7872340679168701 0.5045045045045045 0.0 0.0 0.0 124757 206604 
25 0.5236923831682672 0.4930013579480788 0.5176087021827698 0.7835588 0.80588233 0.7872340679168701 0.5 0.0 0.0 0.0 35787 200603 
26 0.5226635244925982 0.4938698354889365 0.5176814198493958 0.7835588 0.80588233 0.7872340679168701 0.4954954954954955 0.0 0.0 0.0 53785 187617 
27 0.5229787809481606 0.49242954394396615 0.5178446769714355 0.7835588 0.80588233 0.7872340679168701 0.5 0.0 0.0 0.0 87771 186618 
28 0.5230146569745474 0.493602533901439 0.5176312327384949 0.7835588 0.80588233 0.7872340679168701 0.5 0.0 0.0 0.0 27789 177607 
29 0.5228734370417947 0.4925705538076513 0.5177404880523682 0.7835588 0.80588233 0.7872340679168701 0.5 0.0 0.0 0.0 105783 199616 
30 0.5238778089385375 0.49442623923806583 0.517835795879364 0.7835588 0.80588233 0.7872340679168701 0.4954954954954955 0.0 0.0 0.0 39788 173609 
31 0.5227806077539363 0.493752176621381 0.5176570415496826 0.7835588 0.80588233 0.7872340679168701 0.5 0.0 0.0 0.0 88758 163643 
32 0.5230139579534778 0.49277792467790493 0.5176526308059692 0.7835588 0.80588233 0.7872340679168701 0.5045045045045045 0.0 0.0 0.0 96783 192607 
33 0.5272423732293136 0.49476909146589393 0.5179557800292969 0.7835588 0.80588233 0.7872340679168701 0.4954954954954955 0.0 0.0 0.0 40789 155630 
34 0.5231271636876802 0.4932512837297776 0.5175988078117371 0.7835588 0.80588233 0.7872340679168701 0.4954954954954955 0.0 0.0 0.0 28793 191616 
35 0.5229648272744326 0.4927223997957566 0.5176706314086914 0.7835588 0.80588233 0.7872340679168701 0.5 0.0 0.0 0.0 70792 190615 
36 0.523502151455641 0.49330920261495254 0.5176008939743042 0.7835588 0.80588233 0.7872340679168701 0.4954954954954955 0.0 0.0 0.0 99765 197605 
37 0.5241595573188363 0.49287275636897365 0.5176289677619934 0.7835588 0.80588233 0.7872340679168701 0.5 0.0 0.0 0.0 22795 223606 
38 0.522552574260798 0.49342132245793063 0.5176088213920593 0.7835588 0.80588233 0.7872340679168701 0.5045045045045045 0.0 0.0 0.0 30779 195619 
39 0.5230114565741631 0.4928810890983133 0.5176272392272949 0.7835588 0.80588233 0.7872340679168701 0.5 0.0 0.0 0.0 990790 209630 
2021-01-17 15:45:48 | add fc layer number: 5 fold
epoch train_loss vali_loss test_loss train_acc vali_acc test_acc test_auc test_f1 test_recall test_precision train_time test_time
0 123.14261876296302 0.519963709045859 0.5122383236885071 0.73881376 0.7823529 0.7872340679168701 0.7304054054054054 0.0 0.0 0.0 292387 559488 
1 0.5605181715490914 0.5775203606661629 0.5704455971717834 0.7877211 0.7823529 0.7872340679168701 0.25615615615615617 0.0 0.0 0.0 30783 162628 
2 0.5566949040534965 0.5639258167322945 0.5606321096420288 0.7877211 0.7823529 0.7872340679168701 0.25810810810810814 0.0 0.0 0.0 53784 150629 
3 0.5505897620466076 0.5462451359804938 0.5422852039337158 0.7877211 0.7823529 0.7872340679168701 0.25934684684684683 0.0 0.0 0.0 24790 154615 
4 0.5383024888964026 0.5172153374728035 0.5101632475852966 0.7877211 0.7823529 0.7872340679168701 0.7460210210210211 0.0 0.0 0.0 134755 198615 
5 0.5183841927087518 0.5471908232745002 0.5392496585845947 0.7877211 0.7823529 0.7872340679168701 0.24917417417417415 0.0 0.0 0.0 134757 179621 
6 0.52571523456246 0.5311691655832178 0.525937020778656 0.7877211 0.7823529 0.7872340679168701 0.24834834834834832 0.0 0.0 0.0 48781 150633 
7 0.5198208733881425 0.5328377464238335 0.5254242420196533 0.7877211 0.7823529 0.7872340679168701 0.24684684684684685 0.0 0.0 0.0 123759 153623 
8 0.5215354459776963 0.5231431743677925 0.5195711851119995 0.7877211 0.7823529 0.7872340679168701 0.7252627627627628 0.0 0.0 0.0 111764 175622 
9 0.5182483970622739 0.5239083507481743 0.5175464153289795 0.7877211 0.7823529 0.7872340679168701 0.7527027027027026 0.0 0.0 0.0 75778 177620 
10 0.5177412606178784 0.5257108386825112 0.5186173319816589 0.7877211 0.7823529 0.7872340679168701 0.7527027027027027 0.0 0.0 0.0 60782 175608 
11 0.5244305042024706 0.5239861649625441 0.5175982117652893 0.7877211 0.7823529 0.7872340679168701 0.4954954954954955 0.0 0.0 0.0 114761 181610 
12 0.5194209902765351 0.5234361872953527 0.517627477645874 0.7877211 0.7823529 0.7872340679168701 0.5157657657657657 0.0 0.0 0.0 40785 173624 
13 0.5177437621832638 0.52393158604117 0.5177568793296814 0.7877211 0.7823529 0.7872340679168701 0.4954954954954955 0.0 0.0 0.0 85769 151639 
14 0.5177858607857085 0.5241838406114018 0.5176621675491333 0.7877211 0.7823529 0.7872340679168701 0.5045045045045045 0.0 0.0 0.0 77778 151619 
15 0.5176898077300882 0.5240116652320413 0.5179315209388733 0.7877211 0.7823529 0.7872340679168701 0.5045045045045045 0.0 0.0 0.0 31788 145622 
16 0.5216639189206599 0.5239840998369105 0.5175981521606445 0.7877211 0.7823529 0.7872340679168701 0.4954954954954955 0.0 0.0 0.0 18781 183634 
17 0.5173364317007789 0.5239138694370494 0.5176622867584229 0.7877211 0.7823529 0.7872340679168701 0.5045045045045045 0.0 0.0 0.0 33790 163630 
18 0.5210714885397086 0.5239694272770601 0.5178486704826355 0.7877211 0.7823529 0.7872340679168701 0.5045045045045045 0.0 0.0 0.0 26795 166628 
19 0.5181045065809363 0.5239274536862093 0.5177440643310547 0.7877211 0.7823529 0.7872340679168701 0.5045045045045045 0.0 0.0 0.0 57782 143621 
20 0.52011844298718 0.5240793768097373 0.5180485248565674 0.7877211 0.7823529 0.7872340679168701 0.5 0.0 0.0 0.0 11794 155632 
21 0.5184837789211759 0.5241076693815343 0.5176284313201904 0.7877211 0.7823529 0.7872340679168701 0.4954954954954955 0.0 0.0 0.0 45790 139624 
22 0.5179680227985243 0.5239142179489136 0.5176809430122375 0.7877211 0.7823529 0.7872340679168701 0.5045045045045045 0.0 0.0 0.0 92768 162631 
23 0.5177644873105772 0.5239377589786753 0.5176103711128235 0.7877211 0.7823529 0.7872340679168701 0.4954954954954955 0.0 0.0 0.0 995797 179611 
24 0.5172907558117648 0.523916811802808 0.5176423192024231 0.7877211 0.7823529 0.7872340679168701 0.5045045045045045 0.0 0.0 0.0 64781 165623 
25 0.5177448294227255 0.5241214632987976 0.5181161761283875 0.7877211 0.7823529 0.7872340679168701 0.5 0.0 0.0 0.0 105766 165639 
26 0.518542985095566 0.5239781470859752 0.5175983905792236 0.7877211 0.7823529 0.7872340679168701 0.5045045045045045 0.0 0.0 0.0 81786 195606 
27 0.5173236919832528 0.5241727176834555 0.5176568627357483 0.7877211 0.7823529 0.7872340679168701 0.5045045045045045 0.0 0.0 0.0 50785 153614 
28 0.519587619139054 0.5239914052626666 0.5175983309745789 0.7877211 0.7823529 0.7872340679168701 0.4954954954954955 0.0 0.0 0.0 79771 156616 
29 0.518099056647918 0.5242883668226355 0.5177173018455505 0.7877211 0.7823529 0.7872340679168701 0.5 0.0 0.0 0.0 15813 173622 
30 0.5176298321688957 0.5245115231065189 0.5178539156913757 0.7877211 0.7823529 0.7872340679168701 0.5045045045045045 0.0 0.0 0.0 83772 163616 
31 0.517465736317709 0.5240579962730407 0.5180129408836365 0.7877211 0.7823529 0.7872340679168701 0.5 0.0 0.0 0.0 785 166640 
32 0.520344622797574 0.5248371502932381 0.5190954804420471 0.7877211 0.7823529 0.7872340679168701 0.5045045045045045 0.0 0.0 0.0 76775 164633 
33 0.5205987576360385 0.5239747783716987 0.5175984501838684 0.7877211 0.7823529 0.7872340679168701 0.5045045045045045 0.0 0.0 0.0 972804 156630 
34 0.5178971831743973 0.5244791311376235 0.5178329348564148 0.7877211 0.7823529 0.7872340679168701 0.4954954954954955 0.0 0.0 0.0 25789 186609 
35 0.5186780766970658 0.5249759526813731 0.5181795954704285 0.7877211 0.7823529 0.7872340679168701 0.5 0.0 0.0 0.0 53786 167614 
36 0.5189753408610634 0.5239191868725945 0.5176348686218262 0.7877211 0.7823529 0.7872340679168701 0.5045045045045045 0.0 0.0 0.0 90777 166628 
37 0.5183641887139083 0.5243970828897813 0.5177813768386841 0.7877211 0.7823529 0.7872340679168701 0.4954954954954955 0.0 0.0 0.0 11794 170628 
38 0.5180993326992944 0.5239192499833949 0.5176346898078918 0.7877211 0.7823529 0.7872340679168701 0.5045045045045045 0.0 0.0 0.0 974805 258583 
39 0.5217617181101649 0.5242175649194156 0.5182623267173767 0.7877211 0.7823529 0.7872340679168701 0.5045045045045045 0.0 0.0 0.0 1793 224598 
