2021-01-12 18:17:48 | number: 6 fold
epoch train_loss vali_loss test_loss train_acc vali_acc test_acc test_auc test_f1 test_recall test_precision train_time test_time
0 0.36805106018941236 1590.816397599348 3.3053457736968994 0.83366144 0.7637795 0.7857142686843872 0.5 0.0 0.0 0.0 828083 562495 
1 0.23227022576519823 11.54340503722664 6.864113807678223 0.9222441 0.2559055 0.23571428656578064 0.7606060606060606 0.35928143712574856 1.0 0.21897810218978103 859359 437500 
2 0.15233028263557613 89.10814102052704 3.2611546516418457 0.9448819 0.7637795 0.7857142686843872 0.5615151515151515 0.0 0.0 0.0 109358 453123 
3 0.11570830156249325 0.9062086400084608 1.105744481086731 0.95669293 0.88188976 0.8928571343421936 0.8036363636363637 0.6938775510204083 0.5666666666666667 0.8947368421052632 140612 437498 
4 0.10181814536642958 17.20060789303517 7.4742841720581055 0.96259844 0.492126 0.48571428656578064 0.7016666666666667 0.4461538461538462 0.9666666666666667 0.29 48990 437499 
5 0.07991703725823267 1.5932009609665458 1.8174916505813599 0.9793307 0.70866144 0.7071428298950195 0.9827272727272728 0.5940594059405941 1.0 0.4225352112676056 46876 468753 
6 0.07801000868505616 0.7470175057473615 0.37026357650756836 0.97637796 0.9133858 0.9571428298950195 0.9351515151515151 0.8928571428571429 0.8333333333333334 0.9615384615384616 968721 468748 
7 0.04674588178475131 1.2884590738401638 1.5615732669830322 0.98720473 0.61811024 0.5428571701049805 0.9696969696969698 0.4754098360655738 0.9666666666666667 0.31521739130434784 46874 437498 
8 0.07414660940687429 0.5754141568198917 0.6892341375350952 0.9793307 0.86614174 0.8071428537368774 0.826060606060606 0.5423728813559322 0.5333333333333333 0.5517241379310345 78107 453125 
9 0.06616676768918675 0.4142825917934808 0.4989749491214752 0.97440946 0.8070866 0.8071428537368774 0.8945454545454546 0.6493506493506493 0.8333333333333334 0.5319148936170213 93745 453123 
10 0.05735823682942024 0.2937444250180027 0.27167028188705444 0.9773622 0.87007874 0.9071428775787354 0.9842424242424243 0.8219178082191781 1.0 0.6976744186046512 46873 468749 
11 0.0122217966562621 0.23882414142447195 0.533962070941925 0.99507874 0.9173228 0.8571428656578064 0.9363636363636364 0.6875 0.7333333333333333 0.6470588235294118 46861 437498 
12 0.02531200860293333 0.3274597804846726 0.4789140522480011 0.98917323 0.88582677 0.9214285612106323 0.9865151515151515 0.8450704225352113 1.0 0.7317073170731707 78112 453136 
13 0.024858011016677187 0.48125661570417483 0.4727977216243744 0.988189 0.9133858 0.8999999761581421 0.97 0.7083333333333334 0.5666666666666667 0.9444444444444444 78106 453122 
14 0.04425688162739352 0.507670526898752 0.46821191906929016 0.984252 0.8385827 0.8500000238418579 0.9648484848484848 0.7272727272727273 0.9333333333333333 0.5957446808510638 968755 453123 
15 0.008841680131823295 0.15741228130389387 0.085843525826931 0.99704725 0.96456695 0.9714285731315613 0.9954545454545454 0.9310344827586207 0.9 0.9642857142857143 78110 453123 
16 0.05766200228212914 0.2994759148500097 0.3862953782081604 0.98031497 0.93700784 0.9214285612106323 0.9563636363636363 0.8307692307692307 0.9 0.7714285714285715 78108 468761 
17 0.034499629169673196 0.05567010861682141 0.14042186737060547 0.98917323 0.98031497 0.9571428298950195 0.9912121212121212 0.9090909090909091 1.0 0.8333333333333334 124986 453123 
18 0.021189121532668248 35.639149643304776 3.3053457736968994 0.99311024 0.77559054 0.7857142686843872 0.4954545454545455 0.0 0.0 0.0 15611 468749 
19 0.007452079141237516 70.15373133862113 3.3053500652313232 0.99901575 0.7637795 0.7857142686843872 0.4863636363636364 0.0 0.0 0.0 46861 453123 
20 0.02948729790413503 5.873574455892007 2.507258653640747 0.9940945 0.77952754 0.7857142686843872 0.7386363636363636 0.0 0.0 0.0 265624 421873 
21 0.028880984849648506 7.646729777178426 3.0095231533050537 0.9901575 0.77559054 0.7857142686843872 0.5896969696969697 0.0 0.0 0.0 890611 484378 
22 0.018978109970087493 1.0153157748575286 1.1108627319335938 0.992126 0.72440946 0.7642857432365417 0.9737878787878788 0.6451612903225806 1.0 0.47619047619047616 124981 453123 
23 0.010997690174702965 0.18242505761816746 0.18712541460990906 0.996063 0.9448819 0.9571428298950195 0.9769696969696969 0.9 0.9 0.9 234361 437498 
24 0.03457198675179223 0.19313553257251348 0.19037635624408722 0.99311024 0.93307084 0.9428571462631226 0.9690909090909091 0.870967741935484 0.9 0.84375 124984 437498 
25 0.03288061416333937 0.47556450106496884 0.5803600549697876 0.9862205 0.8582677 0.8571428656578064 0.9854545454545455 0.7499999999999999 1.0 0.6 15612 437499 
26 0.015747361290763595 0.5410132344782822 0.48672059178352356 0.99507874 0.87007874 0.8571428656578064 0.9881818181818182 0.7435897435897435 0.9666666666666667 0.6041666666666666 968737 453123 
27 0.007657787468335701 0.3562563744586284 0.4647018313407898 0.9980315 0.88188976 0.8928571343421936 0.9712121212121212 0.7945205479452055 0.9666666666666667 0.6744186046511628 953110 453124 
28 0.0015013116797089475 0.12425904221627421 0.15003901720046997 1.0 0.97244096 0.9642857313156128 0.9751515151515152 0.9152542372881356 0.9 0.9310344827586207 15609 453124 
29 0.0005387960580007107 0.09867375961130881 0.142262801527977 1.0 0.97637796 0.9571428298950195 0.9839393939393939 0.896551724137931 0.8666666666666667 0.9285714285714286 140612 453137 
30 0.00021436609780162895 0.13077704898837045 0.20763655006885529 1.0 0.96062994 0.949999988079071 0.9878787878787878 0.8923076923076922 0.9666666666666667 0.8285714285714286 78106 453123 
31 0.00011291701384906209 0.08573199689798937 0.15700151026248932 1.0 0.97244096 0.949999988079071 0.9927272727272728 0.888888888888889 0.9333333333333333 0.8484848484848485 15611 453123 
32 0.037088063295736294 0.3808804079303591 0.6030521988868713 0.98917323 0.8464567 0.8285714387893677 0.8481818181818181 0.6 0.6 0.6 953109 437497 
33 0.041256864393848604 1.9164039666258443 2.067413330078125 0.99114174 0.5748032 0.5642856955528259 0.9663636363636363 0.49586776859504134 1.0 0.32967032967032966 93736 468749 
34 0.01728001095108893 2.050845279468326 2.193561315536499 0.9940945 0.7480315 0.699999988079071 0.9727272727272727 0.5882352941176471 1.0 0.4166666666666667 62475 484374 
35 0.01614137504279144 0.13538796026406325 0.18295729160308838 0.9940945 0.97244096 0.9428571462631226 0.9909090909090909 0.8571428571428571 0.8 0.9230769230769231 109359 468748 
36 0.013330937870261378 0.0733544652856241 0.10479918122291565 0.996063 0.98031497 0.9714285731315613 0.9936363636363635 0.9310344827586207 0.9 0.9642857142857143 31235 484377 
37 0.0037726072781177522 0.06094612474516621 0.11213842034339905 0.99901575 0.988189 0.9714285731315613 0.9942424242424243 0.9375 1.0 0.8823529411764706 15608 468765 
38 0.013477712725270832 1.4490031867515383 1.5564683675765991 0.9940945 0.6732283 0.6857143044471741 0.9740909090909091 0.5769230769230769 1.0 0.40540540540540543 187469 453123 
39 0.005899454591663804 0.2579097682096827 0.24459588527679443 0.99704725 0.9173228 0.8999999761581421 0.9903030303030304 0.7083333333333334 0.5666666666666667 0.9444444444444444 140611 468749 
2021-01-12 18:22:48 | number: 7 fold
epoch train_loss vali_loss test_loss train_acc vali_acc test_acc test_auc test_f1 test_recall test_precision train_time test_time
0 0.3375283536009901 48.5437592333696 12.047544479370117 0.86417323 0.21653543 0.2142857164144516 0.5 0.35294117647058826 1.0 0.21428571428571427 234333 468745 
1 0.1434237109863852 0.5111203069292655 0.49472346901893616 0.9498032 0.78346455 0.8071428537368774 0.936969696969697 0.18181818181818182 0.1 1.0 953112 421871 
2 0.10989399136990075 0.6513937886540345 0.5315153002738953 0.9616142 0.9251968 0.9285714030265808 0.9703030303030303 0.8148148148148148 0.7333333333333333 0.9166666666666666 843750 468735 
3 0.10732543788204982 0.5917807174479868 0.8149842023849487 0.96653545 0.86220473 0.8999999761581421 0.9559090909090909 0.8055555555555556 0.9666666666666667 0.6904761904761905 968734 453123 
4 0.07712993462108017 38.31286829850805 9.227436065673828 0.96456695 0.3031496 0.30714285373687744 0.6713636363636364 0.38216560509554137 1.0 0.23622047244094488 62486 468753 
5 0.04402348850340414 0.4052396557462497 0.4535120129585266 0.9822835 0.9133858 0.8928571343421936 0.9527272727272728 0.7887323943661972 0.9333333333333333 0.6829268292682927 46869 437499 
6 0.052234778546464196 0.36841277344020334 0.2505561113357544 0.9832677 0.88188976 0.9214285612106323 0.946060606060606 0.7755102040816326 0.6333333333333333 1.0 187485 453123 
7 0.06792011005275948 0.3079789672780225 0.20758411288261414 0.9793307 0.9173228 0.9214285612106323 0.9666666666666667 0.7924528301886793 0.7 0.9130434782608695 93736 468748 
8 0.06397719317533838 0.20074273769076414 0.22653797268867493 0.9793307 0.93700784 0.949999988079071 0.9675757575757576 0.8771929824561403 0.8333333333333334 0.9259259259259259 999987 468752 
9 0.05830982877454889 4.137741120781485 4.687108039855957 0.9812992 0.42519686 0.3571428656578064 0.8724242424242424 0.39189189189189194 0.9666666666666667 0.2457627118644068 124984 468744 
10 0.020561240819708157 1.4663388654002993 1.9240972995758057 0.99704725 0.7559055 0.6285714507102966 0.9436363636363637 0.5357142857142857 1.0 0.36585365853658536 984360 468748 
11 0.021874493409652175 0.37263716557833154 0.6833053827285767 0.992126 0.86220473 0.7928571701049805 0.9803030303030302 0.6741573033707865 1.0 0.5084745762711864 203111 468748 
12 0.04768597805967892 0.7085524881918599 1.2475851774215698 0.9822835 0.86614174 0.8357142806053162 0.9500000000000001 0.7160493827160493 0.9666666666666667 0.5686274509803921 62486 468747 
13 0.03122290909862307 0.29731705479734527 0.3135450482368469 0.98917323 0.8937008 0.8500000238418579 0.9618181818181818 0.7123287671232877 0.8666666666666667 0.6046511627906976 31234 453122 
14 0.03433295941588975 1.555453716300604 1.3243372440338135 0.98720473 0.8307087 0.8428571224212646 0.9383333333333334 0.4210526315789474 0.26666666666666666 1.0 78111 484373 
15 0.017252011853453562 2.3259820262278157 2.223816156387329 0.9940945 0.78740156 0.7857142686843872 0.5353030303030303 0.0 0.0 0.0 15611 453128 
16 0.027855165918746334 0.426596500038162 0.492627888917923 0.99311024 0.9133858 0.9071428775787354 0.9803030303030303 0.7346938775510204 0.6 0.9473684210526315 93731 437500 
17 0.018479871352782517 0.7337438670669015 0.9817599654197693 0.99507874 0.78346455 0.7428571581840515 0.8863636363636364 0.608695652173913 0.9333333333333333 0.45161290322580644 906237 468747 
18 0.014065965722263681 0.5740162183449963 0.8662687540054321 0.996063 0.8267717 0.800000011920929 0.96 0.6744186046511628 0.9666666666666667 0.5178571428571429 281235 453123 
19 0.006995405582894432 0.15282942178681141 0.3009239733219147 0.9980315 0.95669293 0.9357143044471741 0.9566666666666667 0.847457627118644 0.8333333333333334 0.8620689655172413 953111 437498 
20 0.016319630188843616 0.7892888385479845 1.047363042831421 0.99311024 0.7362205 0.75 0.8954545454545454 0.6153846153846154 0.9333333333333333 0.45901639344262296 46863 437498 
21 0.036676189838816944 0.7825342627960866 0.7747729420661926 0.9852362 0.8228347 0.8571428656578064 0.8948484848484849 0.5454545454545455 0.4 0.8571428571428571 234361 437498 
22 0.03264871622916076 0.9804293180075218 0.5681977868080139 0.98917323 0.88188976 0.9071428775787354 0.9624242424242424 0.7719298245614035 0.7333333333333333 0.8148148148148148 187485 468749 
23 0.0689002891459803 1.0615721734489982 0.8331751823425293 0.98031497 0.8582677 0.8571428656578064 0.8834848484848484 0.5238095238095238 0.36666666666666664 0.9166666666666666 93731 437496 
24 0.04731174570867631 0.5768355645063356 0.8099592924118042 0.9901575 0.8503937 0.8214285969734192 0.8375757575757576 0.2857142857142857 0.16666666666666666 1.0 46862 453123 
25 0.01166826382455394 0.17435343017962973 0.25519201159477234 0.99507874 0.9212598 0.8928571343421936 0.9745454545454546 0.7945205479452055 0.9666666666666667 0.6744186046511628 31236 453123 
26 0.012978479962825305 0.1643732774445391 0.15267422795295715 0.99704725 0.9488189 0.949999988079071 0.9857575757575758 0.8852459016393444 0.9 0.8709677419354839 15611 453123 
27 0.0025769739625352162 0.22243779334496325 0.155775249004364 1.0 0.9527559 0.9428571462631226 0.9921212121212121 0.8518518518518519 0.7666666666666667 0.9583333333333334 140609 484372 
28 0.0015618584509966456 0.2690377058241311 0.4190959632396698 1.0 0.8897638 0.8857142925262451 0.9893939393939394 0.7894736842105263 1.0 0.6521739130434783 203112 453124 
29 0.0007158833091590905 0.349804253090085 0.5100054144859314 1.0 0.87007874 0.8714285492897034 0.9915151515151515 0.7692307692307693 1.0 0.625 968735 453123 
30 0.0003503323439829506 0.13966829942788664 0.28856706619262695 1.0 0.93307084 0.9285714030265808 0.9918181818181818 0.8571428571428571 1.0 0.75 62505 453123 
31 0.000374228638488209 0.12940865306286362 0.2495512068271637 1.0 0.93700784 0.9357143044471741 0.9881818181818182 0.8695652173913044 1.0 0.7692307692307693 78111 468751 
32 0.00020297705137049278 0.10967736588571016 0.25599583983421326 1.0 0.9527559 0.9357143044471741 0.9924242424242424 0.8695652173913044 1.0 0.7692307692307693 62498 468748 
33 0.0002085577348690832 0.08518203002525361 0.14462804794311523 1.0 0.96850395 0.9571428298950195 0.9930303030303029 0.9090909090909091 1.0 0.8333333333333334 93757 468733 
34 7.872124165367596e-05 0.08276098928465618 0.1240415871143341 1.0 0.97637796 0.949999988079071 0.9933333333333334 0.8923076923076922 0.9666666666666667 0.8285714285714286 171862 437500 
35 0.0001664722428867258 0.08442296328272407 0.10767390578985214 1.0 0.97637796 0.9428571462631226 0.9936363636363637 0.8749999999999999 0.9333333333333333 0.8235294117647058 984358 437501 
36 5.15471652102488e-05 0.08668675935849196 0.09824905544519424 1.0 0.97637796 0.9571428298950195 0.9939393939393939 0.9032258064516129 0.9333333333333333 0.875 218729 437497 
37 7.012239169795982e-05 0.08605879805542117 0.09918137639760971 1.0 0.97637796 0.9571428298950195 0.9936363636363638 0.9032258064516129 0.9333333333333333 0.875 140609 437502 
38 5.551978510563967e-05 0.0871088272253946 0.09758001565933228 1.0 0.98031497 0.9571428298950195 0.9936363636363637 0.9032258064516129 0.9333333333333333 0.875 109369 453123 
39 3.497680156902703e-05 0.08682916863403452 0.09733512997627258 1.0 0.98031497 0.9571428298950195 0.9936363636363637 0.9032258064516129 0.9333333333333333 0.875 140611 453128 
2021-01-12 18:27:48 | number: 8 fold
epoch train_loss vali_loss test_loss train_acc vali_acc test_acc test_auc test_f1 test_recall test_precision train_time test_time
0 0.34219581710072017 575.8805820735421 3.3053457736968994 0.8651575 0.79133856 0.7857142686843872 0.5 0.0 0.0 0.0 171834 453120 
1 0.17235387761996487 5.720254860525056 5.243279457092285 0.94192916 0.38188976 0.3642857074737549 0.8378787878787879 0.40268456375838924 1.0 0.25210084033613445 937485 437497 
2 0.11109764345987576 0.5598045835110146 0.4412910044193268 0.9596457 0.87007874 0.8999999761581421 0.9506060606060606 0.7941176470588235 0.9 0.7105263157894737 890610 453129 
3 0.10310215062615792 2.1799763394153024 2.745598793029785 0.9635827 0.57086617 0.5071428418159485 0.9212121212121211 0.45669291338582674 0.9666666666666667 0.29896907216494845 171857 484373 
4 0.08414201502959559 0.7377308119000412 0.7743226885795593 0.9812992 0.6614173 0.6857143044471741 0.8754545454545455 0.5416666666666666 0.8666666666666667 0.3939393939393939 187487 453123 
5 0.04780079254249888 4.124774516098142 4.444873332977295 0.98031497 0.42125985 0.4571428596973419 0.9328787878787879 0.43283582089552236 0.9666666666666667 0.27884615384615385 142229 468748 
6 0.07759413573392264 0.5576897582669896 0.7719472646713257 0.9734252 0.81496066 0.7142857313156128 0.9787878787878788 0.5918367346938775 0.9666666666666667 0.4264705882352941 124984 453123 
7 0.0809522956081732 1.7242584866801585 1.6167670488357544 0.9714567 0.6889764 0.7142857313156128 0.9662121212121212 0.5918367346938775 0.9666666666666667 0.4264705882352941 968732 484373 
8 0.046981453154910736 0.3666573240766375 0.3592342138290405 0.9862205 0.93307084 0.8999999761581421 0.9557575757575758 0.7307692307692307 0.6333333333333333 0.8636363636363636 93738 468744 
9 0.019207400744634232 0.2116596982704373 0.19207553565502167 0.9940945 0.92913383 0.9214285612106323 0.9927272727272728 0.8450704225352113 1.0 0.7317073170731707 78114 468745 
10 0.03497147170724127 1.0776144707296778 1.0821712017059326 0.9862205 0.8110236 0.800000011920929 0.9545454545454546 0.125 0.06666666666666667 1.0 93736 468748 
11 0.035259608527660136 0.9217648144782059 0.7484175562858582 0.98917323 0.87007874 0.8642857074737549 0.9481818181818182 0.5365853658536585 0.36666666666666664 1.0 78111 453125 
12 0.01924507427542639 0.4859403695647172 0.736889660358429 0.992126 0.86220473 0.8500000238418579 0.979090909090909 0.7407407407407407 1.0 0.5882352941176471 218733 453123 
13 0.013726203416393497 0.2806453538222576 0.17064762115478516 0.9940945 0.9448819 0.949999988079071 0.9869696969696969 0.8813559322033899 0.8666666666666667 0.896551724137931 156236 453123 
14 0.0059884392177891425 0.2321508802825541 0.39021456241607666 0.99901575 0.93700784 0.8999999761581421 0.98 0.8055555555555556 0.9666666666666667 0.6904761904761905 140609 453125 
15 0.00961595261331985 0.41180744283194615 0.3726728558540344 0.99507874 0.9173228 0.9142857193946838 0.9827272727272727 0.7599999999999999 0.6333333333333333 0.95 62482 453123 
16 0.015107353648728155 0.21259969172221937 0.2986038029193878 0.996063 0.9409449 0.8999999761581421 0.9833333333333334 0.8 0.9333333333333333 0.7 171861 453122 
17 0.043788846404343024 0.1883492616012575 0.14846111834049225 0.9812992 0.9448819 0.9571428298950195 0.9896969696969696 0.9032258064516129 0.9333333333333333 0.875 46862 468747 
18 0.07189827896361276 0.3428100813620203 0.2263116091489792 0.9753937 0.92913383 0.949999988079071 0.97 0.8852459016393444 0.9 0.8709677419354839 31237 453123 
19 0.05722436948136727 1.0332123839010403 1.0154482126235962 0.9793307 0.81889766 0.8285714387893677 0.9472727272727274 0.33333333333333337 0.2 1.0 109363 453121 
20 0.0336488642574904 0.17305604533813013 0.23865312337875366 0.9901575 0.9527559 0.9285714030265808 0.9860606060606061 0.8333333333333334 0.8333333333333334 0.8333333333333334 953122 468748 
21 0.019090430778047934 0.39739134262396597 0.44931069016456604 0.99311024 0.88188976 0.8571428656578064 0.923030303030303 0.5 0.3333333333333333 1.0 124987 437505 
22 0.006854172243267356 0.44636665190768055 0.49583783745765686 0.9980315 0.87401575 0.8642857074737549 0.9760606060606061 0.5365853658536585 0.36666666666666664 1.0 984356 453123 
23 0.06824679201969319 2.19793701171875 1.842934489250183 0.98031497 0.8070866 0.8071428537368774 0.9224242424242424 0.18181818181818182 0.1 1.0 156237 468749 
24 0.014804745969311224 0.2603129336214441 0.26707062125205994 0.996063 0.9251968 0.8928571343421936 0.9884848484848485 0.7945205479452055 0.9666666666666667 0.6744186046511628 78110 468753 
25 0.021419290684192904 0.2448496354347843 0.23082272708415985 0.99311024 0.93700784 0.9428571462631226 0.9775757575757574 0.870967741935484 0.9 0.84375 109357 484373 
26 0.018059103091533378 1.7154859830075362 1.8255400657653809 0.9940945 0.496063 0.48571428656578064 0.9712121212121213 0.45454545454545453 1.0 0.29411764705882354 109374 453122 
27 0.011616280254739242 0.8749105367134875 0.9617213606834412 0.9940945 0.8346457 0.8357142806053162 0.8851515151515152 0.37837837837837834 0.23333333333333334 1.0 906235 453122 
28 0.05210791075121846 20.223747899213176 7.335918426513672 0.9832677 0.38582677 0.4000000059604645 0.7545454545454545 0.4166666666666667 1.0 0.2631578947368421 140611 453123 
29 0.03347803659803109 2.341909016211202 2.2938098907470703 0.98917323 0.61811024 0.6714285612106323 0.9453030303030303 0.5660377358490566 1.0 0.39473684210526316 921862 468753 
30 0.004731495661650029 0.2874786615606368 0.47849857807159424 0.9980315 0.9055118 0.8785714507102966 0.9918181818181818 0.7792207792207793 1.0 0.6382978723404256 999981 468747 
31 0.0032724695454129774 0.342998679228655 0.15667979419231415 0.99901575 0.9251968 0.949999988079071 0.999090909090909 0.8679245283018869 0.7666666666666667 1.0 999984 468748 
32 0.011615164200527828 0.41441512201714703 0.37969398498535156 0.996063 0.86220473 0.8500000238418579 0.9681818181818181 0.7341772151898733 0.9666666666666667 0.5918367346938775 187486 453134 
33 0.005117159539386336 0.25289528318277493 0.17078188061714172 0.99901575 0.93307084 0.949999988079071 0.993030303030303 0.8679245283018869 0.7666666666666667 1.0 78100 453123 
34 0.009624218119502684 0.29239467854105583 0.3013700842857361 0.99704725 0.9212598 0.9142857193946838 0.9854545454545454 0.8285714285714285 0.9666666666666667 0.725 93737 468749 
35 0.006465842380755816 0.9275406200116075 0.8169648051261902 0.99704725 0.78740156 0.8071428537368774 0.9548484848484847 0.6746987951807228 0.9333333333333333 0.5283018867924528 203104 437498 
36 0.011726227932468452 0.25652252408257853 0.17858874797821045 0.996063 0.93307084 0.9357143044471741 0.98 0.8571428571428572 0.9 0.8181818181818182 46861 453124 
37 0.015059031797967132 1.4212491976933217 1.1676174402236938 0.99704725 0.8543307 0.8500000238418579 0.963939393939394 0.4615384615384615 0.3 1.0 171876 468748 
38 0.005491939225503588 0.3219431801222441 0.16813018918037415 0.99901575 0.9212598 0.9571428298950195 0.9945454545454546 0.888888888888889 0.8 1.0 124999 453124 
39 0.0012014996485901982 0.34756798660895954 0.19965724647045135 1.0 0.9251968 0.9285714030265808 0.993939393939394 0.8 0.6666666666666666 1.0 93736 468733 
2021-01-12 18:32:48 | number: 9 fold
epoch train_loss vali_loss test_loss train_acc vali_acc test_acc test_auc test_f1 test_recall test_precision train_time test_time
0 0.4030660619651239 1026.8197636641855 12.047544479370117 0.8366142 0.21653543 0.2142857164144516 0.5 0.35294117647058826 1.0 0.21428571428571427 203084 499996 
1 0.19848543581530803 15.660985616248423 11.824859619140625 0.91633856 0.21653543 0.2142857164144516 0.5946969696969697 0.35294117647058826 1.0 0.21428571428571427 953111 453123 
2 0.09719834447376371 7.874856212946374 7.894665718078613 0.9616142 0.31889763 0.2571428716182709 0.713030303030303 0.36585365853658536 1.0 0.22388059701492538 906248 453123 
3 0.09008965019400664 5.010782005280022 4.482539176940918 0.96062994 0.40944883 0.37857142090797424 0.6675757575757575 0.3829787234042553 0.9 0.24324324324324326 62486 468751 
4 0.12553139324263324 3.7192048275564598 4.324866771697998 0.9468504 0.44094488 0.37857142090797424 0.8966666666666667 0.39999999999999997 0.9666666666666667 0.25217391304347825 46859 465052 
5 0.051219285927771585 0.4796684478211591 0.5231046676635742 0.97834647 0.88188976 0.9071428775787354 0.9215151515151515 0.8059701492537312 0.9 0.7297297297297297 31236 453123 
6 0.04966590955384134 1.1569350910937692 1.384895920753479 0.98031497 0.7440945 0.6928571462631226 0.9400000000000001 0.5742574257425742 0.9666666666666667 0.4084507042253521 93734 468748 
7 0.026161327208282324 0.8270272739290252 1.1407134532928467 0.99311024 0.79133856 0.7571428418159485 0.9583333333333334 0.6304347826086957 0.9666666666666667 0.46774193548387094 62486 468748 
8 0.02305967627986019 0.11886246932127814 0.2832546532154083 0.99311024 0.96456695 0.9428571462631226 0.9851515151515151 0.8787878787878789 0.9666666666666667 0.8055555555555556 156236 468749 
9 0.02188892004732776 6.124000106270858 5.609277248382568 0.99114174 0.48425198 0.44285714626312256 0.8383333333333334 0.4347826086956522 1.0 0.2777777777777778 62485 468749 
10 0.03278830344605399 0.6553981913121667 0.5349140763282776 0.98720473 0.8503937 0.8642857074737549 0.9627272727272728 0.5365853658536585 0.36666666666666664 1.0 124999 468748 
11 0.030005066135832235 0.7892487186381197 0.6470786333084106 0.99114174 0.86614174 0.8785714507102966 0.8627272727272728 0.6222222222222223 0.4666666666666667 0.9333333333333333 31236 484373 
12 0.09685586084883044 0.2336717660971514 0.6086196303367615 0.97047246 0.9015748 0.8142856955528259 0.936969696969697 0.675 0.9 0.54 62492 453121 
13 0.07421563827528024 0.2556737541683077 0.5678755044937134 0.97440946 0.9015748 0.7857142686843872 0.9354545454545454 0.6511627906976745 0.9333333333333333 0.5 78111 468749 
14 0.04324420301727657 0.3732151025392878 0.9288919568061829 0.98720473 0.9015748 0.8428571224212646 0.9654545454545455 0.725 0.9666666666666667 0.58 984360 515607 
15 0.02555805200520228 0.1778407229447928 0.32883816957473755 0.9901575 0.95669293 0.9285714030265808 0.9436363636363637 0.8333333333333334 0.8333333333333334 0.8333333333333334 968734 499996 
16 0.02076551546232672 0.6086668301755049 0.9667567610740662 0.98917323 0.8346457 0.75 0.9715151515151516 0.6236559139784946 0.9666666666666667 0.4603174603174603 31236 484373 
17 0.03584882541097642 0.5954823315612913 0.8914692401885986 0.992126 0.86614174 0.8285714387893677 0.9763636363636363 0.7073170731707317 0.9666666666666667 0.5576923076923077 171861 468748 
18 0.017680414912004873 1.3716489949564294 1.629725456237793 0.99704725 0.68503934 0.6642857193946838 0.9621212121212122 0.5607476635514019 1.0 0.38961038961038963 999987 453122 
19 0.012592111338355293 0.19600596765833578 0.2885648310184479 0.99704725 0.92913383 0.8500000238418579 0.976969696969697 0.7341772151898733 0.9666666666666667 0.5918367346938775 78124 468748 
20 0.009072606881721106 0.2016096549240623 0.24080973863601685 0.99704725 0.92913383 0.8999999761581421 0.9833333333333334 0.8108108108108109 1.0 0.6818181818181818 124984 468751 
21 0.0027841638464766636 0.10420748959918778 0.13079313933849335 1.0 0.96062994 0.949999988079071 0.9909090909090909 0.8923076923076922 0.9666666666666667 0.8285714285714286 31232 453127 
22 0.0008353679050763841 0.11814627601713763 0.09757673740386963 1.0 0.97244096 0.9642857313156128 0.9915151515151515 0.9180327868852459 0.9333333333333333 0.9032258064516129 984356 453123 
23 0.0025760942632809107 0.8901407483994491 0.9170875549316406 0.99901575 0.8346457 0.8357142806053162 0.9330303030303031 0.37837837837837834 0.23333333333333334 1.0 31235 453123 
24 0.07852206688523695 4.097434661519809 3.1681125164031982 0.9832677 0.78740156 0.7857142686843872 0.3913636363636364 0.0 0.0 0.0 46861 484374 
25 0.04656692136145072 10.105002835040956 2.5436184406280518 0.9852362 0.8110236 0.8142856955528259 0.66 0.23529411764705882 0.13333333333333333 1.0 93736 468751 
26 0.0055604625381456 0.529332224543639 0.7172842621803284 0.99901575 0.9212598 0.9071428775787354 0.956060606060606 0.7234042553191489 0.5666666666666667 1.0 15610 468749 
27 0.0019471836264894204 0.14350572121366273 0.15164825320243835 1.0 0.97637796 0.949999988079071 0.9848484848484848 0.8771929824561403 0.8333333333333334 0.9259259259259259 124979 499998 
28 0.010292063977896587 0.3081383891697005 0.32655107975006104 0.99507874 0.9448819 0.9357143044471741 0.9709090909090909 0.8421052631578948 0.8 0.8888888888888888 78110 468748 
29 0.029588047503017065 1.7979473748545007 2.258803606033325 0.98917323 0.6417323 0.6000000238418579 0.9568181818181818 0.5172413793103449 1.0 0.3488372093023256 124986 468749 
30 0.026242577479547256 0.7384431578042939 0.8035677671432495 0.992126 0.9055118 0.8928571343421936 0.931969696969697 0.6808510638297872 0.5333333333333333 0.9411764705882353 140609 437498 
31 0.028539104686910653 1.0062213760661327 1.219673752784729 0.9901575 0.70472443 0.699999988079071 0.9130303030303031 0.5714285714285713 0.9333333333333333 0.4117647058823529 984376 468752 
32 0.02487816175768577 0.7027000632342391 0.9490725994110107 0.988189 0.86614174 0.8571428656578064 0.9184848484848485 0.5 0.3333333333333333 1.0 203104 484373 
33 0.041408606770074394 0.979836196411313 0.7925978899002075 0.9862205 0.8503937 0.8357142806053162 0.9284848484848485 0.7088607594936709 0.9333333333333333 0.5714285714285714 999986 453123 
34 0.027316596610178278 0.8068294515759926 0.8257910013198853 0.98917323 0.8582677 0.8642857074737549 0.8703030303030304 0.5957446808510638 0.4666666666666667 0.8235294117647058 234362 453123 
35 0.012337227351046864 0.2028515137086703 0.15052595734596252 0.996063 0.96456695 0.949999988079071 0.9860606060606061 0.8852459016393444 0.9 0.8709677419354839 78109 453123 
36 0.0048770369043712155 0.18179308030548996 0.11422786116600037 0.99901575 0.96456695 0.9642857313156128 0.9939393939393939 0.9206349206349207 0.9666666666666667 0.8787878787878788 140611 453124 
37 0.0008459541192470764 0.20477733778671955 0.0642121359705925 1.0 0.97244096 0.9714285731315613 0.9957575757575758 0.9333333333333333 0.9333333333333333 0.9333333333333333 93735 453123 
38 0.0031931639686098513 0.47783601231227707 0.4576181173324585 0.99901575 0.9212598 0.8857142925262451 0.9772727272727272 0.6521739130434783 0.5 0.9375 140611 468748 
39 0.0003539391550511364 0.2525533519934599 0.09891172498464584 1.0 0.96850395 0.9642857313156128 0.9927272727272728 0.912280701754386 0.8666666666666667 0.9629629629629629 187498 437499 
2021-01-12 18:37:47 | number: 10 fold
epoch train_loss vali_loss test_loss train_acc vali_acc test_acc test_auc test_f1 test_recall test_precision train_time test_time
0 0.340164022534851 104.02114087202418 3.3053457736968994 0.8543307 0.81496066 0.7857142686843872 0.5 0.0 0.0 0.0 453083 453121 
1 0.17205592373928685 323.2401120643916 11.63100814819336 0.93799216 0.19685039 0.23571428656578064 0.5272727272727273 0.35928143712574856 1.0 0.21897810218978103 843732 437499 
2 0.16890025115388585 15.8213957069427 0.8863881826400757 0.9251968 0.8897638 0.8785714507102966 0.8524242424242424 0.6222222222222223 0.4666666666666667 0.9333333333333333 890615 453141 
3 0.102925648575458 0.2389626395045303 0.26859980821609497 0.9635827 0.88582677 0.8642857074737549 0.9475757575757575 0.7246376811594204 0.8333333333333334 0.6410256410256411 109355 468748 
4 0.05684558790558436 0.5083044368451036 0.7119548320770264 0.98031497 0.86220473 0.8500000238418579 0.9398484848484848 0.7123287671232877 0.8666666666666667 0.6046511627906976 999986 453122 
5 0.04349576302723387 0.2946365229257448 0.6240220665931702 0.9822835 0.9448819 0.9142857193946838 0.9487878787878788 0.7857142857142856 0.7333333333333333 0.8461538461538461 971266 468746 
6 0.07869402129995072 0.1831700367721047 0.24041077494621277 0.9694882 0.95669293 0.949999988079071 0.9827272727272727 0.8813559322033899 0.8666666666666667 0.896551724137931 78110 453123 
7 0.040312170205953145 0.33375280168582133 0.5238504409790039 0.9862205 0.9055118 0.8857142925262451 0.9798484848484849 0.7837837837837838 0.9666666666666667 0.6590909090909091 78111 468745 
8 0.024024762453394025 0.19822749441240248 0.1595308631658554 0.99311024 0.9488189 0.9571428298950195 0.9878787878787879 0.9032258064516129 0.9333333333333333 0.875 31247 468752 
9 0.06843684640104376 1.2083978641220903 0.8117276430130005 0.97047246 0.7559055 0.800000011920929 0.7996969696969698 0.5625 0.6 0.5294117647058824 78122 468749 
10 0.06954805691557842 3.3374116589703897 2.862212657928467 0.9793307 0.5551181 0.5714285969734192 0.5557575757575758 0.0625 0.06666666666666667 0.058823529411764705 156238 468745 
11 0.0776795729936108 1.1124605283023805 0.5276076793670654 0.97440946 0.88188976 0.8785714507102966 0.9325757575757577 0.6382978723404256 0.5 0.8823529411764706 171858 484378 
12 0.05125929466925386 0.2427448073006052 0.3830511271953583 0.9812992 0.86220473 0.8500000238418579 0.9142424242424243 0.6865671641791045 0.7666666666666667 0.6216216216216216 31231 453123 
13 0.04481838758682876 0.709162887391143 0.8702751994132996 0.98917323 0.77952754 0.7785714268684387 0.9363636363636363 0.651685393258427 0.9666666666666667 0.4915254237288136 62486 468747 
14 0.16550268207889374 484.8760282261165 3.3053457736968994 0.95866144 0.81496066 0.7857142686843872 0.5 0.0 0.0 0.0 93733 500005 
15 0.1008216423957836 0.26033584480210553 0.3090425729751587 0.96456695 0.88582677 0.8928571343421936 0.9572727272727273 0.6666666666666666 0.5 1.0 15605 468751 
16 0.04958341626347754 2.260060938324515 1.5393435955047607 0.988189 0.7401575 0.6928571462631226 0.9766666666666667 0.5825242718446603 1.0 0.410958904109589 78109 453120 
17 0.045000289152486356 0.3046546104386097 0.29537472128868103 0.9901575 0.9094488 0.9214285612106323 0.9824242424242424 0.7843137254901961 0.6666666666666666 0.9523809523809523 93733 453123 
18 0.015911393661389318 0.16761195624437858 0.11392197012901306 0.99507874 0.9527559 0.9785714149475098 0.9921212121212122 0.9491525423728815 0.9333333333333333 0.9655172413793104 62485 437500 
19 0.02001952141703026 0.42411638761129905 0.37354737520217896 0.99507874 0.8937008 0.8928571343421936 0.9830303030303029 0.6666666666666666 0.5 1.0 93735 437499 
20 0.0282608058787589 0.2508268219924818 0.2233927994966507 0.992126 0.9448819 0.949999988079071 0.9857575757575757 0.8727272727272728 0.8 0.96 203109 437498 
21 0.012617253023749731 0.22789664730781645 0.3192596137523651 0.9980315 0.9409449 0.9428571462631226 0.9742424242424242 0.8787878787878789 0.9666666666666667 0.8055555555555556 999984 453126 
22 0.010765399848130224 0.14862822527139205 0.32799142599105835 0.99704725 0.96062994 0.9428571462631226 0.9851515151515152 0.8787878787878789 0.9666666666666667 0.8055555555555556 171856 453124 
23 0.010230807867542819 0.15770499912772593 0.2187025547027588 0.9940945 0.95669293 0.949999988079071 0.993939393939394 0.8955223880597014 1.0 0.8108108108108109 187486 453127 
24 0.005138072852543959 0.17716838167173657 0.13972163200378418 0.99901575 0.93700784 0.9642857313156128 0.9936363636363637 0.912280701754386 0.8666666666666667 0.9629629629629629 968732 437498 
25 0.01627123179661264 0.1849901163730565 0.10713212937116623 0.99507874 0.95669293 0.949999988079071 0.9915151515151515 0.8852459016393444 0.9 0.8709677419354839 265611 453123 
26 0.026175133267043554 0.6322949531040792 0.8248364329338074 0.99311024 0.8937008 0.8714285492897034 0.9836363636363636 0.7692307692307693 1.0 0.625 953110 453124 
27 0.007704317256465452 0.1277280508753235 0.28000369668006897 0.9980315 0.95669293 0.9428571462631226 0.9936363636363637 0.8787878787878789 0.9666666666666667 0.8055555555555556 906241 468748 
28 0.004088973414746854 0.47452291247882245 0.6618463397026062 0.9980315 0.87401575 0.8785714507102966 0.9906060606060607 0.7792207792207793 1.0 0.6382978723404256 140611 468750 
29 0.015830225603174652 0.1180805335606001 0.13666236400604248 0.996063 0.9527559 0.9571428298950195 0.9936363636363637 0.90625 0.9666666666666667 0.8529411764705882 93738 468745 
30 0.04314879550026569 1401.3006332277314 3.3053457736968994 0.9852362 0.81496066 0.7857142686843872 0.5 0.0 0.0 0.0 15624 468737 
31 0.03270838322396588 110.95717110220842 2.8875813484191895 0.9862205 0.81889766 0.8071428537368774 0.5627272727272727 0.18181818181818182 0.1 1.0 171858 453124 
32 0.020932992161288272 0.3213669591487979 0.3254985809326172 0.992126 0.9488189 0.949999988079071 0.9436363636363636 0.8852459016393444 0.9 0.8709677419354839 93734 453124 
33 0.019161424364465635 0.279137644066116 0.197598397731781 0.992126 0.9212598 0.949999988079071 0.9896969696969697 0.8679245283018869 0.7666666666666667 1.0 109354 453128 
34 0.006428747113512675 0.0849522521763336 0.15681526064872742 0.9980315 0.96850395 0.9571428298950195 0.9909090909090909 0.90625 0.9666666666666667 0.8529411764705882 124981 484373 
35 0.012864781337364862 0.2733643385545006 0.1549118161201477 0.996063 0.9448819 0.9571428298950195 0.9927272727272728 0.9 0.9 0.9 46872 468748 
36 0.01746261693531735 0.24363005032220225 0.230621799826622 0.99311024 0.93700784 0.9714285731315613 0.9915151515151516 0.9375 1.0 0.8823529411764706 953112 453123 
37 0.0016902900914162926 0.2372518098495138 0.1898660510778427 1.0 0.9527559 0.9428571462631226 0.99 0.8620689655172413 0.8333333333333334 0.8928571428571429 31248 453123 
38 0.0006135097655786685 0.20631547477536313 0.17760789394378662 1.0 0.95669293 0.9428571462631226 0.9909090909090909 0.8620689655172413 0.8333333333333334 0.8928571428571429 124984 453123 
39 0.002722736963067033 0.13341417049761772 0.14786779880523682 0.99901575 0.9409449 0.9785714149475098 0.990909090909091 0.9523809523809523 1.0 0.9090909090909091 984374 453123 
2021-01-12 20:05:20 | add fc layer number: 1 fold
epoch train_loss vali_loss test_loss train_acc vali_acc test_acc test_auc test_f1 test_recall test_precision train_time test_time
0 0.6998787609141642 171.84421545314038 3.3053460121154785 0.73917323 0.8110236 0.7857142686843872 0.5 0.0 0.0 0.0 999953 156238 
1 0.29388760593463115 15.909210345876499 3.2313263416290283 0.8730315 0.8110236 0.7857142686843872 0.5257575757575758 0.0 0.0 0.0 31231 453124 
2 0.16917745909822268 1.4780877180925505 1.8102020025253296 0.93700784 0.63385826 0.5714285969734192 0.8427272727272728 0.4827586206896553 0.9333333333333333 0.32558139534883723 78095 468761 
3 0.12757993471904064 3.6214693887965885 3.197988748550415 0.9478347 0.8110236 0.7857142686843872 0.5642424242424243 0.0 0.0 0.0 140593 484388 
4 0.12875084150729216 0.5353909895176024 0.6783294677734375 0.9537402 0.79527557 0.7714285850524902 0.8384848484848485 0.6097560975609756 0.8333333333333334 0.4807692307692308 124969 484388 
5 0.06673652424997702 0.5471687431879869 0.7545767426490784 0.97834647 0.8543307 0.7785714268684387 0.9460606060606062 0.6436781609195402 0.9333333333333333 0.49122807017543857 156229 453140 
6 0.07985558844809457 0.24436296651682515 0.26997971534729004 0.9694882 0.9409449 0.9428571462631226 0.9727272727272727 0.8787878787878789 0.9666666666666667 0.8055555555555556 109357 500003 
7 0.05804641467086443 0.31087821898028606 0.404311865568161 0.97637796 0.9133858 0.9142857193946838 0.9766666666666667 0.8235294117647058 0.9333333333333333 0.7368421052631579 124967 484389 
8 0.21499303907823317 177.49877881628322 12.047544479370117 0.9478347 0.18897638 0.2142857164144516 0.5 0.35294117647058826 1.0 0.21428571428571427 124982 484389 
9 0.2583918921121462 381.49483844426675 3.3053460121154785 0.90846455 0.8110236 0.7857142686843872 0.5 0.0 0.0 0.0 124982 468750 
10 0.17155948753549358 12.988508975411964 2.974229097366333 0.93700784 0.8110236 0.7857142686843872 0.5912121212121212 0.0 0.0 0.0 203093 453140 
11 0.1967130582046321 0.4312604668102865 0.39541420340538025 0.93799216 0.8543307 0.8500000238418579 0.9433333333333334 0.4615384615384615 0.3 1.0 156229 500018 
12 0.13833922452813996 0.5043348989148778 0.8687766194343567 0.9537402 0.8503937 0.8285714387893677 0.7466666666666666 0.4 0.26666666666666666 0.8 437479 499983 
13 0.12010583425248701 0.27190658626124614 0.37615954875946045 0.9576772 0.9251968 0.8714285492897034 0.946969696969697 0.75 0.9 0.6428571428571429 281247 515615 
14 0.07950025389161636 0.32472515716327455 0.4183124601840973 0.9675197 0.9212598 0.8928571343421936 0.9578787878787878 0.7761194029850748 0.8666666666666667 0.7027027027027027 281229 500015 
15 0.09747954910826379 0.29357110046026275 0.7075414657592773 0.96653545 0.9251968 0.8714285492897034 0.9381818181818182 0.7096774193548386 0.7333333333333333 0.6875 499967 468766 
16 0.10523431925799727 0.42921541290959037 0.7302387952804565 0.9734252 0.8543307 0.7928571701049805 0.9090909090909091 0.6506024096385542 0.9 0.5094339622641509 218716 500014 
17 0.029811646066987375 3.0573547674914985 3.129173517227173 0.99114174 0.40944883 0.4357142746448517 0.956060606060606 0.4316546762589928 1.0 0.27522935779816515 265607 499997 
18 0.034092773301581905 0.18131008629474465 0.3404081463813782 0.9832677 0.95669293 0.9357143044471741 0.9557575757575758 0.847457627118644 0.8333333333333334 0.8620689655172413 343719 500014 
19 0.023587686181005173 0.3001936668838103 0.5043793320655823 0.9901575 0.93307084 0.9214285612106323 0.9251515151515153 0.8 0.7333333333333333 0.88 296857 515623 
20 0.12559968547704886 203.7676883006659 3.3053460121154785 0.9635827 0.8110236 0.7857142686843872 0.5 0.0 0.0 0.0 265607 484390 
21 0.12179416447408556 5.326155814598865 1.9427908658981323 0.9714567 0.8425197 0.8357142806053162 0.6445454545454545 0.43902439024390244 0.3 0.8181818181818182 328103 484388 
22 0.06455010968429131 1.2855273360811819 1.124611258506775 0.9822835 0.8503937 0.8214285969734192 0.8827272727272728 0.2857142857142857 0.16666666666666666 1.0 328094 484391 
23 0.06880938428945428 0.10760808131826205 0.31507521867752075 0.9793307 0.96062994 0.9357143044471741 0.96 0.8363636363636363 0.7666666666666667 0.92 249966 515639 
24 0.06779532545561513 0.7202776210514579 1.2850629091262817 0.9793307 0.88582677 0.8214285969734192 0.7796969696969698 0.626865671641791 0.7 0.5675675675675675 328110 484373 
25 0.11195688090455813 19.911992591197098 2.501767873764038 0.9773622 0.8307087 0.8214285969734192 0.5039393939393939 0.35897435897435903 0.23333333333333334 0.7777777777777778 203109 499998 
26 0.08699465274634793 2.1356383444756033 1.4190665483474731 0.9714567 0.88582677 0.8642857074737549 0.7274242424242425 0.5581395348837209 0.4 0.9230769230769231 312488 484370 
27 0.04998409785476961 0.28389091176662856 0.7551716566085815 0.9852362 0.9448819 0.9214285612106323 0.8484848484848486 0.7924528301886793 0.7 0.9130434782608695 296842 453141 
28 0.060623080477001164 0.13199003152255936 0.3658384680747986 0.9753937 0.9488189 0.9142857193946838 0.9440909090909091 0.8000000000000002 0.8 0.8 296855 484390 
29 0.03393825816767892 0.13927761260713414 0.4623715579509735 0.9852362 0.97244096 0.9285714030265808 0.933030303030303 0.8214285714285715 0.7666666666666667 0.8846153846153846 265608 500019 
30 0.02794599732362086 0.7745073034068731 1.1197131872177124 0.9901575 0.8070866 0.7785714268684387 0.9162121212121211 0.6436781609195402 0.9333333333333333 0.49122807017543857 234339 500000 
31 0.01987023495951682 0.267862793028824 0.6300155520439148 0.99311024 0.9133858 0.8714285492897034 0.9724242424242424 0.75 0.9 0.6428571428571429 218748 499987 
32 0.007355721068632006 0.29943820810693456 0.5771863460540771 0.996063 0.9133858 0.8857142925262451 0.9803030303030303 0.7777777777777778 0.9333333333333333 0.6666666666666666 296841 531263 
33 0.058038150541327146 0.2645170573643812 0.3522876799106598 0.99114174 0.9251968 0.8928571343421936 0.9172727272727274 0.7272727272727272 0.6666666666666666 0.8 281234 499998 
34 0.033593420016278665 0.20623039148425257 0.35360586643218994 0.98720473 0.9448819 0.9214285612106323 0.9543939393939394 0.7924528301886793 0.7 0.9130434782608695 171845 500014 
35 0.010121149905841783 1.7538929592202028 1.60213303565979 0.9980315 0.86220473 0.8357142806053162 0.8393939393939394 0.37837837837837834 0.23333333333333334 1.0 234345 484388 
36 0.03036603837468346 0.1204376242409541 0.4316571354866028 0.98917323 0.95669293 0.9142857193946838 0.9593939393939395 0.8064516129032259 0.8333333333333334 0.78125 249982 484371 
37 0.026787958531383806 1.0685166284793943 1.6933050155639648 0.9901575 0.7992126 0.75 0.9484848484848485 0.631578947368421 1.0 0.46153846153846156 359370 515623 
38 0.010161660543524804 0.7217063366428135 1.3792743682861328 0.99507874 0.8385827 0.8214285969734192 0.9640909090909091 0.7058823529411764 1.0 0.5454545454545454 453106 468749 
39 0.0013161625372343072 0.6092318242459785 1.1621137857437134 1.0 0.86220473 0.8357142806053162 0.9645454545454546 0.7228915662650602 1.0 0.5660377358490566 281248 484373 
2021-01-12 20:10:07 | add fc layer number: 2 fold
epoch train_loss vali_loss test_loss train_acc vali_acc test_acc test_auc test_f1 test_recall test_precision train_time test_time
0 0.6553590710707536 0.5851907523598258 0.5237799882888794 0.8405512 0.79133856 0.7857142686843872 0.8654545454545455 0.0 0.0 0.0 593706 562495 
1 0.2468403214075434 3.0797987491127072 2.94964337348938 0.9114173 0.515748 0.5642856955528259 0.8224242424242425 0.47863247863247865 0.9333333333333333 0.3218390804597701 999984 468746 
2 0.1450731061604314 0.6935219628604379 1.0002917051315308 0.9468504 0.87795275 0.8714285492897034 0.931969696969697 0.7567567567567568 0.9333333333333333 0.6363636363636364 984357 484377 
3 0.11566787912679 1.2958126321552306 1.423433542251587 0.9675197 0.86220473 0.8285714387893677 0.8636363636363636 0.6129032258064516 0.6333333333333333 0.59375 140610 453120 
4 0.10520309925548674 6.762507070706585 5.432916641235352 0.96259844 0.53149605 0.5428571701049805 0.8525757575757577 0.4754098360655738 0.9666666666666667 0.31521739130434784 203108 484376 
5 0.06553906662110973 2.0521387584566133 2.1172173023223877 0.9793307 0.6496063 0.6785714030265808 0.9490909090909092 0.5631067961165048 0.9666666666666667 0.3972602739726027 109359 499998 
6 0.07281048285708887 7.293654926179901 6.810377597808838 0.9812992 0.38582677 0.4357142746448517 0.9442424242424242 0.4316546762589928 1.0 0.27522935779816515 203110 484371 
7 0.10432896743378213 2.3888710690295603 2.6301586627960205 0.96259844 0.4527559 0.4714285731315613 0.9087878787878787 0.4307692307692308 0.9333333333333333 0.28 140610 468749 
8 0.07605871086661506 8.168103634841799 7.045034885406494 0.97637796 0.38976377 0.4214285612106323 0.873030303030303 0.4255319148936171 1.0 0.2702702702702703 156234 515624 
9 0.04352030841501679 2.4446982567704567 2.7912304401397705 0.984252 0.62992126 0.6142857074737549 0.9590909090909091 0.5263157894736842 1.0 0.35714285714285715 203106 468753 
10 0.04664262368318104 1.3646768031157845 2.0614230632781982 0.9793307 0.68503934 0.6857143044471741 0.9800000000000001 0.5769230769230769 1.0 0.40540540540540543 93732 468749 
11 0.02308730401032729 0.33621316749279895 0.19203941524028778 0.99311024 0.9409449 0.9428571462631226 0.983030303030303 0.8666666666666667 0.8666666666666667 0.8666666666666667 192917 515626 
12 0.06939958206040021 1.0245161694804514 1.078035593032837 0.98031497 0.52755904 0.5785714387893677 0.9666666666666667 0.5042016806722689 1.0 0.33707865168539325 281231 484377 
13 0.06314769252313404 2.621253449147142 1.036765456199646 0.98031497 0.8385827 0.8500000238418579 0.7951515151515152 0.4615384615384615 0.3 1.0 296858 484374 
14 0.10681604024198815 118.77121019738865 3.24042010307312 0.96850395 0.79133856 0.7857142686843872 0.55 0.0 0.0 0.0 218730 500001 
15 0.13186638855089353 1999.344847671629 3.3053460121154785 0.9675197 0.79133856 0.7857142686843872 0.5 0.0 0.0 0.0 156233 484375 
16 0.15788828000778288 749.3261228546382 3.305349349975586 0.9537402 0.79133856 0.7857142686843872 0.4954545454545455 0.0 0.0 0.0 140606 484377 
17 0.0928327824909416 7.9303106998834085 1.3120568990707397 0.96456695 0.8110236 0.8142856955528259 0.759090909090909 0.59375 0.6333333333333333 0.5588235294117647 187484 484375 
18 0.07105141580398158 3.89045461894959 3.963416814804077 0.9734252 0.507874 0.5285714268684387 0.9707575757575758 0.47619047619047616 1.0 0.3125 203096 453134 
19 0.04874138025874932 0.18798276113243553 0.29610684514045715 0.9793307 0.93700784 0.9285714030265808 0.9915151515151515 0.8529411764705883 0.9666666666666667 0.7631578947368421 281233 500010 
20 0.033374093299251284 0.30179376442601363 0.36250802874565125 0.99311024 0.9133858 0.9214285612106323 0.9921212121212121 0.8450704225352113 1.0 0.7317073170731707 374985 468748 
21 0.022753691319082902 0.5610364469017569 0.6362928152084351 0.9901575 0.8582677 0.8785714507102966 0.9927272727272728 0.7792207792207793 1.0 0.6382978723404256 218734 499998 
22 0.005951843836792107 4.50871648281578 0.25436702370643616 0.9980315 0.9133858 0.9285714030265808 0.9875757575757576 0.8076923076923077 0.7 0.9545454545454546 187484 499998 
23 0.00509879349364361 0.1769523688658016 0.08447256684303284 0.9980315 0.9527559 0.9714285731315613 0.9963636363636363 0.9310344827586207 0.9 0.9642857142857143 218735 484376 
24 0.014005860414003769 0.6549632812109519 0.5480087995529175 0.99507874 0.88188976 0.8928571343421936 0.9751515151515151 0.7945205479452055 0.9666666666666667 0.6744186046511628 312467 484387 
25 0.020277696728567027 0.2888141202293043 0.28994840383529663 0.992126 0.9488189 0.9571428298950195 0.9798484848484849 0.8928571428571429 0.8333333333333334 0.9615384615384616 265608 484375 
26 0.07143489511199588 1.7359241932395875 1.8818836212158203 0.9773622 0.4566929 0.44285714626312256 0.9403030303030303 0.4347826086956522 1.0 0.2777777777777778 203109 499999 
27 0.07841306137595708 0.10348592302578641 0.08420507609844208 0.97637796 0.96456695 0.9642857313156128 0.9936363636363637 0.9180327868852459 0.9333333333333333 0.9032258064516129 234341 484391 
28 0.004898725186591953 0.09790550998052744 0.07307291030883789 1.0 0.98031497 0.9714285731315613 0.9966666666666666 0.9333333333333333 0.9333333333333333 0.9333333333333333 203110 453123 
29 0.0013028316411620162 0.28247826388032415 0.3416549861431122 1.0 0.9409449 0.9285714030265808 0.9921212121212121 0.8571428571428571 1.0 0.75 296857 500001 
30 0.00542845116565224 0.11892420437744283 0.23255127668380737 0.9980315 0.96456695 0.949999988079071 0.9957575757575758 0.8923076923076922 0.9666666666666667 0.8285714285714286 171858 484376 
31 0.029429222315831265 1.6586911152666948 1.5112072229385376 0.9940945 0.7440945 0.7714285850524902 0.9719696969696969 0.6521739130434783 1.0 0.4838709677419355 124982 484376 
32 0.0054661922264976175 5.567500362246055 4.594688415527344 0.99901575 0.56299216 0.5857142806053162 0.9063636363636365 0.5084745762711864 1.0 0.3409090909090909 218730 484380 
33 0.00967487510624635 0.2943890275448326 0.2906956970691681 0.99507874 0.9055118 0.9285714030265808 0.9818181818181818 0.8484848484848485 0.9333333333333333 0.7777777777777778 296855 484363 
34 0.04243417826860316 1.018075651071203 1.0745741128921509 0.9852362 0.77165353 0.8214285969734192 0.9730303030303031 0.6987951807228916 0.9666666666666667 0.5471698113207547 234368 499999 
35 0.022993881248971667 0.41885811160868547 0.15336249768733978 0.99114174 0.9251968 0.9642857313156128 0.9881818181818182 0.9180327868852459 0.9333333333333333 0.9032258064516129 140610 499997 
36 0.0025333281307648864 0.8339752240443793 0.5193586349487305 1.0 0.9055118 0.9285714030265808 0.9918181818181817 0.8 0.6666666666666666 1.0 171858 484376 
37 0.004150657976653718 0.26406664055163465 0.12445662170648575 0.9980315 0.9409449 0.9571428298950195 0.9942424242424241 0.9032258064516129 0.9333333333333333 0.875 171856 515621 
38 0.015039573151202997 1.5960153763688456 1.5953378677368164 0.992126 0.8267717 0.8285714387893677 0.8159090909090909 0.33333333333333337 0.2 1.0 234357 468750 
39 0.055124218142994744 2.322175440825815 0.7694617509841919 0.98031497 0.8582677 0.8714285492897034 0.9033333333333333 0.5714285714285715 0.4 1.0 156231 484371 
2021-01-12 20:14:58 | add fc layer number: 3 fold
epoch train_loss vali_loss test_loss train_acc vali_acc test_acc test_auc test_f1 test_recall test_precision train_time test_time
0 0.7269621527805104 349.200201800489 3.3053460121154785 0.7726378 0.77559054 0.7857142686843872 0.5 0.0 0.0 0.0 562452 546870 
1 0.2597068354604751 2.707730653717762 1.8319978713989258 0.90255904 0.72834647 0.7142857313156128 0.6233333333333333 0.42857142857142855 0.5 0.375 124988 484372 
2 0.18625546862759929 3.8924822901177594 3.805706739425659 0.93700784 0.6062992 0.6000000238418579 0.8803030303030304 0.4909090909090909 0.9 0.3375 109357 468745 
3 0.10064535194963921 1.067267332490035 1.045360803604126 0.96850395 0.87401575 0.8714285492897034 0.9301515151515152 0.7428571428571429 0.8666666666666667 0.65 312483 453125 
4 0.10434655519569014 0.6279061699476768 0.8798282742500305 0.9694882 0.9173228 0.8857142925262451 0.896060606060606 0.68 0.5666666666666667 0.85 203106 484376 
5 0.08796424885082432 0.7479814852213883 0.6957049369812012 0.9694882 0.8937008 0.9142857193946838 0.9781818181818182 0.8333333333333333 1.0 0.7142857142857143 234358 500000 
6 0.1043860434195188 0.16702825505667784 0.228611022233963 0.9655512 0.93700784 0.9142857193946838 0.9575757575757575 0.7692307692307692 0.6666666666666666 0.9090909090909091 203108 500002 
7 0.07762936691892898 1.0240564186741987 1.191577434539795 0.97440946 0.8228347 0.8285714387893677 0.943939393939394 0.7000000000000001 0.9333333333333333 0.56 343735 484373 
8 0.07162347391951741 5.413791431216743 5.556297779083252 0.98031497 0.26377952 0.2571428716182709 0.9156060606060608 0.36585365853658536 1.0 0.22388059701492538 343732 468752 
9 0.07806181652456756 0.5990889487186755 0.6289990544319153 0.9773622 0.8346457 0.8285714387893677 0.9633333333333333 0.7073170731707317 0.9666666666666667 0.5576923076923077 312480 515627 
10 0.10349809736248076 9.866165836965004 9.221598625183105 0.96850395 0.24015749 0.24285714328289032 0.8446969696969697 0.36144578313253006 1.0 0.22058823529411764 328108 500000 
11 0.09921505561787781 1.331064134132205 0.9651056528091431 0.97440946 0.79133856 0.8357142806053162 0.8627272727272727 0.37837837837837834 0.23333333333333334 1.0 281236 499994 
12 0.07424244882656246 6.34401425414198 5.7391180992126465 0.9793307 0.44094488 0.44999998807907104 0.9234848484848486 0.437956204379562 1.0 0.2803738317757009 296858 499999 
13 0.058690729800347737 0.5945674904336141 0.4983099400997162 0.98031497 0.8976378 0.8928571343421936 0.9522727272727273 0.7058823529411764 0.6 0.8571428571428571 296858 499999 
14 0.05270862431214081 0.2878959804890663 0.4862264394760132 0.9862205 0.9212598 0.9142857193946838 0.9781818181818182 0.8181818181818182 0.9 0.75 281232 500000 
15 0.007897075239263474 1.165578656309233 1.014120101928711 0.9980315 0.8307087 0.8214285969734192 0.917878787878788 0.2857142857142857 0.16666666666666666 1.0 312481 500000 
16 0.021118504610315964 10.101107777572992 6.0092644691467285 0.99507874 0.43700787 0.5214285850524902 0.8303030303030303 0.47244094488188976 1.0 0.30927835051546393 281233 484377 
17 0.13242941485043233 2.4380119691683553 2.4841244220733643 0.9498032 0.70866144 0.7142857313156128 0.9490909090909091 0.6 1.0 0.42857142857142855 218734 484374 
18 0.04452267908729525 0.30409560411229847 0.4763239324092865 0.9832677 0.93700784 0.949999988079071 0.9796969696969696 0.8923076923076922 0.9666666666666667 0.8285714285714286 249983 500001 
19 0.019524534184217093 0.170542481766031 0.2764497697353363 0.992126 0.9488189 0.9428571462631226 0.9821212121212121 0.870967741935484 0.9 0.84375 218733 499998 
20 0.025592426424772722 0.7515873209697994 0.543083131313324 0.99311024 0.8897638 0.9214285612106323 0.9454545454545455 0.7755102040816326 0.6333333333333333 1.0 281234 499998 
21 0.02853314759572748 3.3533964260356632 1.9638726711273193 0.9901575 0.79133856 0.8214285969734192 0.8457575757575757 0.2857142857142857 0.16666666666666666 1.0 281233 484374 
22 0.01658024760199194 1.0592813521154283 0.6645999550819397 0.99311024 0.87007874 0.8714285492897034 0.9812121212121212 0.5714285714285715 0.4 1.0 265607 468752 
23 0.03131577397134534 0.5290989270360451 0.6898037791252136 0.99114174 0.9055118 0.9142857193946838 0.9636363636363637 0.8285714285714285 0.9666666666666667 0.725 187482 500001 
24 0.034593506453111475 0.2887679561972618 0.5211208462715149 0.98720473 0.9251968 0.9285714030265808 0.9760606060606061 0.8529411764705883 0.9666666666666667 0.7631578947368421 359361 484377 
25 0.016212391269869467 0.2491273337931145 0.39154860377311707 0.99507874 0.9173228 0.9071428775787354 0.9621212121212122 0.8115942028985509 0.9333333333333333 0.717948717948718 390608 499998 
26 0.012408504488980617 0.1126021176327284 0.18529009819030762 0.9940945 0.95669293 0.9428571462631226 0.976969696969697 0.870967741935484 0.9 0.84375 265605 499996 
27 0.0010167572244548736 0.17243006424318383 0.19566978514194489 1.0 0.96062994 0.9428571462631226 0.9774242424242424 0.8666666666666667 0.8666666666666667 0.8666666666666667 296861 499998 
28 0.003575923418958248 0.2854492170956191 0.19642534852027893 0.99901575 0.93700784 0.9571428298950195 0.9846969696969696 0.888888888888889 0.8 1.0 343732 500000 
29 0.0007559384591589573 0.20090138535271948 0.17635226249694824 1.0 0.9488189 0.949999988079071 0.9866666666666667 0.8813559322033899 0.8666666666666667 0.896551724137931 187484 499998 
30 9.11550597215757e-05 0.21017763504435813 0.19689224660396576 1.0 0.95669293 0.9428571462631226 0.9854545454545454 0.8666666666666667 0.8666666666666667 0.8666666666666667 234358 500001 
31 0.00034460552683233936 0.2103534193405163 0.22142457962036133 1.0 0.95669293 0.9357143044471741 0.9857575757575757 0.8524590163934426 0.8666666666666667 0.8387096774193549 203110 484374 
32 3.437897435750221e-05 0.2149581523274354 0.24278107285499573 1.0 0.95669293 0.9428571462631226 0.9856060606060606 0.870967741935484 0.9 0.84375 312482 500000 
33 0.019966611194917723 1.23698037346517 1.3621797561645508 0.996063 0.6929134 0.7214285731315613 0.9584848484848485 0.5979381443298969 0.9666666666666667 0.43283582089552236 265607 500000 
34 0.013505173271848943 0.3167532150538301 0.40016645193099976 0.99507874 0.9251968 0.9214285612106323 0.9736363636363636 0.8135593220338982 0.8 0.8275862068965517 328110 484376 
35 0.0431500580129727 0.2803784967950127 0.2721928060054779 0.98720473 0.95669293 0.9357143044471741 0.9833333333333334 0.8615384615384616 0.9333333333333333 0.8 296858 484372 
36 0.02158864919833223 1.2360863051923563 0.513427734375 0.992126 0.8937008 0.9214285612106323 0.9531818181818182 0.8070175438596491 0.7666666666666667 0.8518518518518519 140608 468747 
37 0.05322272364255481 0.7789313708703349 1.0857824087142944 0.98720473 0.77952754 0.7785714268684387 0.9581818181818182 0.6593406593406593 1.0 0.4918032786885246 249995 484373 
38 0.038113642942277697 0.30369110428911494 0.23396925628185272 0.988189 0.9015748 0.9214285612106323 0.9627272727272727 0.8 0.7333333333333333 0.88 187484 468751 
39 0.04626252400820825 7.983302405500036 7.118786334991455 0.984252 0.41338584 0.4214285612106323 0.9157575757575758 0.4255319148936171 1.0 0.2702702702702703 296853 468747 
2021-01-12 20:19:45 | add fc layer number: 4 fold
epoch train_loss vali_loss test_loss train_acc vali_acc test_acc test_auc test_f1 test_recall test_precision train_time test_time
0 0.7024333568539206 23589.83726008858 3.3053460121154785 0.761811 0.77559054 0.7857142686843872 0.5 0.0 0.0 0.0 218705 562481 
1 0.3662357907595597 0.541462991415985 0.5080306529998779 0.8287402 0.77559054 0.7857142686843872 0.8109090909090909 0.0 0.0 0.0 15623 515627 
2 0.2658854239568936 23.068753174909457 3.2912399768829346 0.882874 0.77559054 0.7857142686843872 0.5166666666666667 0.0 0.0 0.0 109371 468736 
3 0.16123701350426112 1.7175966473076287 1.8751004934310913 0.9409449 0.6653543 0.6428571343421936 0.9433333333333332 0.537037037037037 0.9666666666666667 0.3717948717948718 124984 499998 
4 0.11935230837328227 0.5462787533838918 0.5855627059936523 0.95866144 0.88188976 0.8928571343421936 0.916060606060606 0.6938775510204083 0.5666666666666667 0.8947368421052632 171863 515621 
5 0.09514545986619521 2.547104966922069 2.851087808609009 0.9655512 0.507874 0.47857141494750977 0.5484848484848485 0.4511278195488722 1.0 0.2912621359223301 171862 468746 
6 0.07933279854340816 0.3960942618959532 0.44796332716941833 0.9694882 0.8897638 0.8928571343421936 0.9666666666666666 0.7945205479452055 0.9666666666666667 0.6744186046511628 78108 500001 
7 0.046851102053737784 1.9084045417665496 1.9006447792053223 0.9812992 0.70866144 0.7214285731315613 0.96 0.6060606060606061 1.0 0.43478260869565216 156234 484373 
8 0.05056861518904215 1.0356379634752049 1.2435588836669922 0.98031497 0.81496066 0.800000011920929 0.8909090909090909 0.65 0.8666666666666667 0.52 171860 499987 
9 0.053123477718052196 0.26306078999530613 0.2534114420413971 0.984252 0.9133858 0.9142857193946838 0.9587878787878787 0.7777777777777777 0.7 0.875 218732 453125 
10 0.04567173721752767 0.6694698793681588 0.816728949546814 0.97834647 0.8543307 0.8357142806053162 0.9681818181818183 0.7160493827160493 0.9666666666666667 0.5686274509803921 203109 484377 
11 0.03340880083668185 0.2236922891355875 0.3868695795536041 0.99114174 0.95669293 0.9142857193946838 0.9663636363636364 0.7857142857142856 0.7333333333333333 0.8461538461538461 203109 484378 
12 0.0386355000614064 0.5826737157941804 0.815201461315155 0.9862205 0.8582677 0.8500000238418579 0.9801515151515151 0.7407407407407407 1.0 0.5882352941176471 187480 468752 
13 0.06101320114162728 0.7464530913848576 0.43346381187438965 0.98031497 0.88188976 0.8999999761581421 0.9481818181818182 0.7200000000000001 0.6 0.9 78108 484374 
14 0.06425369208803268 0.3171017331870522 0.29037541151046753 0.9822835 0.9055118 0.9142857193946838 0.9845454545454546 0.8333333333333333 1.0 0.7142857142857143 203111 484374 
15 0.02729179261217451 0.20724744168586853 0.2461480051279068 0.992126 0.9527559 0.9285714030265808 0.9718181818181818 0.8148148148148148 0.7333333333333333 0.9166666666666666 140608 515624 
16 0.20920160864516507 541539.1820866142 3.3053460121154785 0.94586617 0.77559054 0.7857142686843872 0.5 0.0 0.0 0.0 234358 484376 
17 0.06362046344631066 19.818746631774378 0.5636200904846191 0.9734252 0.78346455 0.7857142686843872 0.9054545454545455 0.0 0.0 0.0 234342 515642 
18 0.06956167106711907 184.99839356189636 2.2272465229034424 0.9734252 0.79527557 0.800000011920929 0.6945454545454546 0.125 0.06666666666666667 1.0 218730 484374 
19 0.15854652739298625 506.32157079746406 1.2247028350830078 0.9429134 0.7598425 0.7857142686843872 0.6833333333333333 0.11764705882352941 0.06666666666666667 0.5 249985 499999 
20 0.05479926806251247 0.27350190938927055 0.31787362694740295 0.9793307 0.9055118 0.8571428656578064 0.923939393939394 0.696969696969697 0.7666666666666667 0.6388888888888888 156233 499999 
21 0.024903092707571937 0.30660018670981326 0.26719582080841064 0.99311024 0.8976378 0.8999999761581421 0.9772727272727273 0.6956521739130436 0.5333333333333333 1.0 156247 499997 
22 0.00842146147653235 0.11887769371740461 0.1867084801197052 0.99507874 0.95669293 0.9142857193946838 0.9775757575757577 0.8125 0.8666666666666667 0.7647058823529411 249987 499997 
23 0.031896314207889784 0.1990032854423983 0.2346048653125763 0.98720473 0.93700784 0.9285714030265808 0.9806060606060605 0.8333333333333334 0.8333333333333334 0.8333333333333334 93734 468752 
24 0.01848255689384225 0.6919071707199878 0.7490831613540649 0.99114174 0.7519685 0.7071428298950195 0.9345454545454546 0.5773195876288659 0.9333333333333333 0.417910447761194 218729 499985 
25 0.02136621374075895 0.33749104320533635 0.6506820917129517 0.996063 0.9133858 0.8714285492897034 0.9106060606060606 0.71875 0.7666666666666667 0.6764705882352942 234372 499999 
26 0.08996339032873804 178.57650916031966 1.4010658264160156 0.98917323 0.88188976 0.8642857074737549 0.7678787878787878 0.6274509803921569 0.5333333333333333 0.7619047619047619 171861 499996 
27 0.13279552270812311 331.4187804620097 2.140409231185913 0.9527559 0.8031496 0.8214285969734192 0.639090909090909 0.2857142857142857 0.16666666666666666 1.0 124982 484375 
28 0.10043848841267777 0.7150382425958716 0.720066249370575 0.96850395 0.9173228 0.9142857193946838 0.8812121212121212 0.7499999999999999 0.6 1.0 187481 500001 
29 0.05465561801963669 0.16729874099333455 0.17088569700717926 0.984252 0.9448819 0.9428571462631226 0.9815151515151516 0.8666666666666667 0.8666666666666667 0.8666666666666667 140609 500000 
30 0.0348914094987934 0.199289720593475 0.24394893646240234 0.98917323 0.9133858 0.9142857193946838 0.9612121212121212 0.8235294117647058 0.9333333333333333 0.7368421052631579 249983 937497 
31 0.04783873708816025 0.251372829020962 0.40238243341445923 0.984252 0.9488189 0.8785714507102966 0.9566666666666667 0.746268656716418 0.8333333333333334 0.6756756756756757 140611 484374 
32 0.04230978038513989 3.2914826653927096 0.27130600810050964 0.98720473 0.9409449 0.949999988079071 0.9769696969696969 0.8727272727272728 0.8 0.96 187480 515628 
33 0.05054842273514043 0.6834024111116965 0.6288899183273315 0.9852362 0.8976378 0.9142857193946838 0.9528787878787879 0.7499999999999999 0.6 1.0 249979 468748 
34 0.023642821857104385 1.152545594793605 1.494643211364746 0.9901575 0.7598425 0.7285714149475098 0.9721212121212122 0.6122448979591837 1.0 0.4411764705882353 31235 499999 
35 0.04189258178798702 1.5302029988897128 1.8274732828140259 0.9832677 0.6102362 0.5571428537368774 0.9700000000000001 0.4918032786885246 1.0 0.32608695652173914 218734 484371 
36 0.021776652616250704 0.39326996244783474 0.5626686811447144 0.992126 0.88582677 0.8428571224212646 0.9845454545454546 0.7317073170731707 1.0 0.5769230769230769 140606 453125 
37 0.004368151233314516 0.17877254793493766 0.1622578203678131 0.99901575 0.95669293 0.949999988079071 0.9878787878787879 0.8727272727272728 0.8 0.96 218735 484360 
38 0.0038614498325770237 1.5220523040125689 1.3234635591506958 0.9980315 0.7992126 0.8071428537368774 0.9118181818181819 0.18181818181818182 0.1 1.0 62482 468765 
39 0.002599001960864077 0.24680610769611644 0.14819052815437317 0.99901575 0.9409449 0.949999988079071 0.9890909090909091 0.8813559322033899 0.8666666666666667 0.896551724137931 343750 499995 
2021-01-12 20:24:34 | add fc layer number: 5 fold
epoch train_loss vali_loss test_loss train_acc vali_acc test_acc test_auc test_f1 test_recall test_precision train_time test_time
0 0.5074020220538763 753.7968788447342 3.3053460121154785 0.8346457 0.78346455 0.7857142686843872 0.5 0.0 0.0 0.0 312455 937499 
1 0.23102655678283512 6.0725258710816155 2.0200960636138916 0.90059054 0.8070866 0.8071428537368774 0.6793939393939393 0.2702702702702703 0.16666666666666666 0.7142857142857143 124980 468749 
2 0.18451816617973207 3930.7047320989172 3.3053460121154785 0.93307084 0.78346455 0.7857142686843872 0.5 0.0 0.0 0.0 93732 499999 
3 0.40262223240428086 4.44597150397113 2.5035388469696045 0.89665353 0.78346455 0.800000011920929 0.7077272727272728 0.125 0.06666666666666667 1.0 249982 468752 
4 0.24795203298095644 568.9709400567483 3.3053460121154785 0.9173228 0.78346455 0.7857142686843872 0.5 0.0 0.0 0.0 171857 468734 
5 0.160472816135001 12.101582617271603 2.224334716796875 0.9448819 0.8070866 0.8214285969734192 0.7793939393939394 0.576271186440678 0.5666666666666667 0.5862068965517241 78121 468751 
6 0.0946453311223918 0.5112439159333236 0.45593634247779846 0.97637796 0.8070866 0.8500000238418579 0.9730303030303029 0.7407407407407407 1.0 0.5882352941176471 140608 499998 
7 0.0788674763051837 0.8644118454512648 1.0624439716339111 0.9734252 0.7007874 0.699999988079071 0.943939393939394 0.5800000000000001 0.9666666666666667 0.4142857142857143 312484 499998 
8 0.12020548107469176 1.8818015428039971 2.071655750274658 0.95866144 0.507874 0.4928571283817291 0.9433333333333332 0.4580152671755725 1.0 0.297029702970297 234361 468750 
9 0.07938940842144603 3.893128126625001 4.0005998611450195 0.97047246 0.2480315 0.26428571343421936 0.9333333333333333 0.3680981595092025 1.0 0.22556390977443608 265606 484374 
10 0.1538027435189157 9.81331547414224 3.3053815364837646 0.9488189 0.78346455 0.7857142686843872 0.4727272727272727 0.0 0.0 0.0 234361 499999 
11 0.16678651240397627 13.26591530747301 3.035757064819336 0.94389766 0.78346455 0.7857142686843872 0.4743939393939394 0.0 0.0 0.0 265610 499998 
12 0.09112904385084242 1.1732049429510523 1.4114612340927124 0.97440946 0.8464567 0.8428571224212646 0.6984848484848484 0.4210526315789474 0.26666666666666666 1.0 359358 515608 
13 0.16268668474820186 1.4813940919290378 1.4562506675720215 0.94586617 0.78346455 0.7857142686843872 0.8721212121212121 0.0 0.0 0.0 187502 484373 
14 0.1770194002727824 1.3446464552654056 1.351946234703064 0.9507874 0.42913386 0.41428571939468384 0.9621212121212122 0.4225352112676056 1.0 0.26785714285714285 218735 484372 
15 0.11091624423274844 1.445638257687486 1.5385746955871582 0.96850395 0.38582677 0.3571428656578064 0.9045454545454545 0.4 1.0 0.25 203107 484371 
16 0.13429840325605213 2.7790330254186797 3.1062612533569336 0.9596457 0.56692916 0.5571428537368774 0.8457575757575757 0.47457627118644075 0.9333333333333333 0.3181818181818182 281233 499999 
17 0.254140343810395 2.3509483750410904 2.244926929473877 0.9192913 0.4566929 0.4714285731315613 0.6060606060606061 0.3508771929824562 0.6666666666666666 0.23809523809523808 203110 468751 
18 0.12700198259292625 3.9495431081516537 1.6463226079940796 0.9616142 0.79133856 0.8500000238418579 0.6592424242424242 0.5116279069767441 0.36666666666666664 0.8461538461538461 265607 484372 
19 0.09703186450628784 16.439022522273024 9.183515548706055 0.9694882 0.35433072 0.33571428060531616 0.47954545454545455 0.3758389261744966 0.9333333333333333 0.23529411764705882 234358 484375 
20 0.049604823578178414 0.8284321084735901 0.8006307482719421 0.97637796 0.86220473 0.8714285492897034 0.8851515151515151 0.608695652173913 0.4666666666666667 0.875 203107 484378 
21 0.061768255849170874 0.33196135933004967 0.4454893469810486 0.9822835 0.9173228 0.9071428775787354 0.9718181818181819 0.7346938775510204 0.6 0.9473684210526315 218732 484372 
22 0.06717378631468833 0.2996124151184803 0.32990753650665283 0.97834647 0.9094488 0.9142857193946838 0.9642424242424241 0.7499999999999999 0.6 1.0 359351 515630 
23 0.0801970777578476 0.465085177029681 0.5407465100288391 0.9734252 0.8582677 0.8428571224212646 0.8518181818181818 0.6333333333333333 0.6333333333333333 0.6333333333333333 218735 499995 
24 0.11406486176365004 1.4068257541168394 1.4709810018539429 0.9616142 0.5 0.4357142746448517 0.8427272727272728 0.40601503759398494 0.9 0.2621359223300971 234343 484389 
25 0.05785740344367159 1.0332578851247396 0.4103100001811981 0.9822835 0.9015748 0.8999999761581421 0.9442424242424243 0.7200000000000001 0.6 0.9 328111 515622 
26 0.060928995310380235 0.9293180455373028 0.5297613143920898 0.9832677 0.87401575 0.8857142925262451 0.9796969696969697 0.6363636363636364 0.4666666666666667 1.0 296857 484376 
27 0.018789423346394805 0.3252946466911496 0.2620767652988434 0.99311024 0.92913383 0.9285714030265808 0.9845454545454545 0.8076923076923077 0.7 0.9545454545454546 187482 515623 
28 0.029411750139785916 0.2786536291241646 0.31339597702026367 0.99114174 0.93307084 0.9285714030265808 0.9645454545454545 0.8333333333333334 0.8333333333333334 0.8333333333333334 187468 500015 
29 0.015580919893196323 0.7693317302568691 0.5987823009490967 0.9940945 0.86614174 0.8857142925262451 0.9721212121212122 0.6521739130434783 0.5 0.9375 296855 499998 
30 0.04655174173939034 0.2690393106909249 0.13322965800762177 0.9862205 0.9251968 0.9428571462631226 0.9887878787878788 0.8620689655172413 0.8333333333333334 0.8928571428571429 296862 468746 
31 0.03475632470222117 0.2774904818516078 0.266030877828598 0.99114174 0.9409449 0.949999988079071 0.9890909090909091 0.8727272727272728 0.8 0.96 249971 468761 
32 0.008079040443461296 0.29030311725828356 0.32356780767440796 0.9980315 0.96456695 0.9285714030265808 0.989090909090909 0.8148148148148148 0.7333333333333333 0.9166666666666666 249992 484373 
33 0.023169082296117555 0.48320172292979685 0.4505901336669922 0.9901575 0.9448819 0.9285714030265808 0.9807575757575758 0.8484848484848485 0.9333333333333333 0.7777777777777778 249986 484372 
34 0.03908374128995214 0.24004007547389805 0.26551151275634766 0.9901575 0.9448819 0.9428571462631226 0.9857575757575757 0.8823529411764706 1.0 0.7894736842105263 249985 484372 
35 0.014163349310300995 0.5289571526951677 0.5598629713058472 0.9940945 0.9212598 0.8857142925262451 0.980909090909091 0.6666666666666667 0.5333333333333333 0.8888888888888888 156245 468750 
36 0.02492159005143592 0.7838424462971725 0.9045774340629578 0.9901575 0.87795275 0.8500000238418579 0.9812121212121213 0.7407407407407407 1.0 0.5882352941176471 203113 468732 
37 0.019382291958359343 0.27365016849256873 0.3747209906578064 0.99311024 0.9488189 0.8714285492897034 0.9742424242424242 0.7352941176470588 0.8333333333333334 0.6578947368421053 296860 499996 
38 0.01496624405217159 0.24541813355144554 0.36218464374542236 0.9901575 0.9448819 0.9142857193946838 0.9824242424242424 0.7599999999999999 0.6333333333333333 0.95 281214 468752 
39 0.013795272825289459 0.24123685905988526 0.25979775190353394 0.996063 0.96456695 0.949999988079071 0.983030303030303 0.888888888888889 0.9333333333333333 0.8484848484848485 421856 453126 
