2021-01-13 17:18:25 | add fc layer number: 6 fold
epoch train_loss vali_loss test_loss train_acc vali_acc test_acc test_auc test_f1 test_recall test_precision train_time test_time
0 0.6216846300861029 2218733898.5826774 3.3053462505340576 0.76968503 0.78346455 0.7857142686843872 0.5 0.0 0.0 0.0 765571 281259 
1 0.36012402740050486 648840.2844488189 3.3053462505340576 0.81692916 0.78346455 0.7857142686843872 0.5 0.0 0.0 0.0 531216 531265 
2 0.7634432762861252 994145.1102362205 3.3053462505340576 0.9055118 0.78346455 0.7857142686843872 0.5 0.0 0.0 0.0 796852 531249 
3 0.2195482022884324 129231.7466781496 3.3053462505340576 0.91240156 0.78346455 0.7857142686843872 0.5 0.0 0.0 0.0 624980 578110 
4 0.23099976027105737 310521.87130905513 3.3053462505340576 0.91043305 0.78346455 0.7857142686843872 0.5 0.0 0.0 0.0 624987 531258 
5 0.13924797295820057 196933.50184547243 3.3053462505340576 0.9429134 0.78346455 0.7857142686843872 0.5 0.0 0.0 0.0 640609 515627 
6 0.07247394548479731 160254.37057086613 3.3053462505340576 0.9753937 0.78346455 0.7857142686843872 0.5 0.0 0.0 0.0 593709 515639 
7 0.06583170440253311 37167.737696850396 3.3053462505340576 0.9812992 0.78346455 0.7857142686843872 0.5 0.0 0.0 0.0 562482 515626 
8 0.060694196356797785 13892.863250492126 3.3053462505340576 0.97440946 0.78346455 0.7857142686843872 0.5 0.0 0.0 0.0 578101 531234 
9 0.05277222500542018 6564.338636503445 3.3053462505340576 0.9812992 0.78346455 0.7857142686843872 0.5 0.0 0.0 0.0 640606 500016 
10 0.08342079192722641 8853.93081785187 3.3053462505340576 0.97047246 0.78346455 0.7857142686843872 0.5 0.0 0.0 0.0 656215 531263 
11 0.04464195264635358 6361.542630413386 3.3053462505340576 0.984252 0.78346455 0.7857142686843872 0.5 0.0 0.0 0.0 609356 515636 
12 0.008640727856907789 6478.509081262303 3.3053462505340576 0.9980315 0.78346455 0.7857142686843872 0.5 0.0 0.0 0.0 671841 531262 
13 0.005660907480880383 6625.086821788878 3.3053462505340576 0.99901575 0.78346455 0.7857142686843872 0.5 0.0 0.0 0.0 640605 531250 
14 0.008002911089813176 6438.080512579971 3.3053462505340576 0.99704725 0.78346455 0.7857142686843872 0.5 0.0 0.0 0.0 656230 515608 
15 0.02450169434708609 7268.489242433563 3.3053462505340576 0.99311024 0.78346455 0.7857142686843872 0.5 0.0 0.0 0.0 640609 531247 
16 0.016756513638157895 7333.274483267716 3.3053462505340576 0.99114174 0.78346455 0.7857142686843872 0.5 0.0 0.0 0.0 593730 531248 
17 0.015229023982473744 7432.961837167815 3.3053462505340576 0.99311024 0.78346455 0.7857142686843872 0.5 0.0 0.0 0.0 624979 546875 
18 0.01200240653550883 5515.913747231792 3.3053462505340576 0.996063 0.78346455 0.7857142686843872 0.5 0.0 0.0 0.0 578105 515625 
19 0.033354261488558384 3305.1827440637303 3.3053462505340576 0.988189 0.78346455 0.7857142686843872 0.5 0.0 0.0 0.0 593713 546891 
20 0.051668386583722484 726.1608261949434 3.3053462505340576 0.98031497 0.78346455 0.7857142686843872 0.5 0.0 0.0 0.0 624978 531250 
21 0.013990836071334486 824.3217504306102 3.3053462505340576 0.996063 0.78346455 0.7857142686843872 0.5 0.0 0.0 0.0 609356 531231 
22 0.008777585756913649 108.16045049231822 3.3053462505340576 0.99704725 0.78346455 0.7857142686843872 0.5 0.0 0.0 0.0 593733 531262 
23 0.024103474259691855 70.33815110574557 3.289963722229004 0.99311024 0.78346455 0.7857142686843872 0.5368181818181819 0.0 0.0 0.0 687481 515607 
24 0.01198317395068529 703.8281701756274 3.3053462505340576 0.99704725 0.78346455 0.7857142686843872 0.5 0.0 0.0 0.0 656248 515620 
25 0.016407442220952362 44.04285731278067 3.3053462505340576 0.996063 0.78346455 0.7857142686843872 0.5 0.0 0.0 0.0 609357 515623 
26 0.0011671868732243073 15.315849319217712 3.3053462505340576 1.0 0.78346455 0.7857142686843872 0.5 0.0 0.0 0.0 562481 531248 
27 0.0065055551716881824 18.606324203371063 3.3053462505340576 0.9980315 0.78346455 0.7857142686843872 0.5 0.0 0.0 0.0 624965 937512 
28 0.0017185590301427667 7.553698749992791 3.2932376861572266 1.0 0.78346455 0.7857142686843872 0.5666666666666667 0.0 0.0 0.0 593715 515627 
29 0.007534721130633536 3.419457176538903 2.342498302459717 0.9980315 0.78346455 0.7857142686843872 0.8478787878787878 0.0 0.0 0.0 640603 531265 
30 0.003015260404162842 2.1515384921877403 1.7026381492614746 0.99901575 0.78740156 0.800000011920929 0.8846969696969698 0.125 0.06666666666666667 1.0 624963 546888 
31 0.017673594109424366 2.141366491167564 0.7400136590003967 0.9940945 0.87007874 0.8785714507102966 0.8763636363636365 0.653061224489796 0.5333333333333333 0.8421052631578947 671854 531233 
32 0.014671569088781913 0.9935224366000318 0.8429487347602844 0.99507874 0.7637795 0.8071428537368774 0.9178787878787878 0.6493506493506493 0.8333333333333334 0.5319148936170213 640620 531248 
33 0.019076487195208727 0.4274637514915992 0.36417490243911743 0.992126 0.8976378 0.9071428775787354 0.9442424242424242 0.7719298245614035 0.7333333333333333 0.8148148148148148 703105 499997 
34 0.0117696999410886 0.8547995526959576 0.6898573040962219 0.996063 0.79133856 0.800000011920929 0.9203030303030303 0.6410256410256411 0.8333333333333334 0.5208333333333334 562495 499999 
35 0.004586101600379632 0.49665920107852757 0.3446645438671112 0.9980315 0.9133858 0.9071428775787354 0.9651515151515152 0.7868852459016393 0.8 0.7741935483870968 640588 515641 
36 0.009239566403323799 0.6444892535998127 0.44416558742523193 0.996063 0.9173228 0.9285714030265808 0.9675757575757576 0.8076923076923077 0.7 0.9545454545454546 624982 515639 
37 0.028474437953779606 2.360855949206615 2.416388988494873 0.992126 0.5787402 0.5642856955528259 0.9193939393939394 0.49586776859504134 1.0 0.32967032967032966 671851 515636 
38 0.0025959020259599458 0.8315379793249716 0.5598238706588745 1.0 0.8582677 0.8714285492897034 0.9445454545454546 0.7428571428571429 0.8666666666666667 0.65 640605 531231 
39 0.0005120330400339613 0.5592334894683417 0.34752973914146423 1.0 0.8897638 0.9214285612106323 0.9636363636363636 0.819672131147541 0.8333333333333334 0.8064516129032258 718731 515624 
2021-01-13 17:24:06 | add fc layer number: 7 fold
epoch train_loss vali_loss test_loss train_acc vali_acc test_acc test_auc test_f1 test_recall test_precision train_time test_time
0 0.6035095303077397 1120543361.007874 3.3053462505340576 0.75492126 0.8070866 0.7857142686843872 0.5 0.0 0.0 0.0 609322 187509 
1 0.36703748473032255 37316.55785556103 3.3053462505340576 0.84940946 0.8070866 0.7857142686843872 0.5 0.0 0.0 0.0 484353 515637 
2 0.265225202197165 80575.25990403544 3.3053462505340576 0.89862204 0.8070866 0.7857142686843872 0.5 0.0 0.0 0.0 593716 531250 
3 0.20878267358607194 134402.13238188977 3.3053462505340576 0.9153543 0.8070866 0.7857142686843872 0.5 0.0 0.0 0.0 593729 531262 
4 0.4912933207403018 63039866.42519685 3.3053462505340576 0.8730315 0.8070866 0.7857142686843872 0.5 0.0 0.0 0.0 609341 546891 
5 0.26623902158943685 2461194.657480315 3.3053462505340576 0.91633856 0.8070866 0.7857142686843872 0.5 0.0 0.0 0.0 593730 531260 
6 0.22507317147151693 31191.425904281496 3.3053462505340576 0.9133858 0.8070866 0.7857142686843872 0.5 0.0 0.0 0.0 671840 531264 
7 0.14369891052992326 3778.8660302349904 3.3053462505340576 0.9498032 0.8070866 0.7857142686843872 0.5 0.0 0.0 0.0 656213 531266 
8 0.10904240819412893 831.3575958492249 3.3053462505340576 0.9635827 0.8070866 0.7857142686843872 0.5 0.0 0.0 0.0 640586 500017 
9 0.059495371440058856 10.375673947371835 3.3053462505340576 0.9812992 0.8070866 0.7857142686843872 0.5 0.0 0.0 0.0 609341 515638 
10 0.03579537336545901 44.45527231411671 3.3053462505340576 0.98917323 0.8070866 0.7857142686843872 0.5 0.0 0.0 0.0 562473 531267 
11 0.03160751811375358 7.194049553608331 3.3053462505340576 0.99114174 0.8070866 0.7857142686843872 0.5 0.0 0.0 0.0 609336 531265 
12 0.4916239575644236 4620.2769785002465 3.3053462505340576 0.9616142 0.8070866 0.7857142686843872 0.5 0.0 0.0 0.0 687478 499999 
13 0.2229706543226411 3103.8919764240895 3.3053462505340576 0.93110234 0.8070866 0.7857142686843872 0.5 0.0 0.0 0.0 609352 515638 
14 0.21501224417620757 30.736809512761635 3.3053462505340576 0.9488189 0.8070866 0.7857142686843872 0.5 0.0 0.0 0.0 593730 515643 
15 0.09551141897993763 30.253896803367795 3.3053462505340576 0.9714567 0.8070866 0.7857142686843872 0.5 0.0 0.0 0.0 609338 500014 
16 0.056319321590057744 298.308648777759 3.3053462505340576 0.9822835 0.8070866 0.7857142686843872 0.5 0.0 0.0 0.0 640604 515625 
17 0.0721544861558854 98.27531336987113 3.3053462505340576 0.9832677 0.8070866 0.7857142686843872 0.5 0.0 0.0 0.0 640588 531264 
18 0.037145085326637926 156.98272885300042 3.3053462505340576 0.98917323 0.8070866 0.7857142686843872 0.5 0.0 0.0 0.0 609339 531264 
19 0.011396402650784085 199.07232930341104 3.3053462505340576 0.99704725 0.8070866 0.7857142686843872 0.5 0.0 0.0 0.0 703088 515638 
20 0.007398403147015516 103.18548481858622 3.3053462505340576 0.99901575 0.8070866 0.7857142686843872 0.5 0.0 0.0 0.0 640602 515625 
21 0.0026480815722607076 58.4344218396765 3.3053462505340576 1.0 0.8070866 0.7857142686843872 0.5 0.0 0.0 0.0 656244 531232 
22 0.0027078381901346586 40.0771647175466 3.3053462505340576 0.99901575 0.8070866 0.7857142686843872 0.5 0.0 0.0 0.0 687481 499998 
23 0.00248806281785268 78.52545592540831 3.3053462505340576 0.99901575 0.8070866 0.7857142686843872 0.5 0.0 0.0 0.0 546857 531264 
24 0.000602930951744362 39.043360567468355 3.076524019241333 1.0 0.79133856 0.7857142686843872 0.5327272727272727 0.0625 0.03333333333333333 0.5 624963 499997 
25 0.024702581970477623 1.0870072438022282 1.1642111539840698 0.99704725 0.8267717 0.8214285969734192 0.7321212121212122 0.2857142857142857 0.16666666666666666 1.0 656229 515639 
26 0.11003859228762526 4.037109460887008 1.0131014585494995 0.96456695 0.7598425 0.7928571701049805 0.8318181818181818 0.4727272727272728 0.43333333333333335 0.52 656231 531251 
27 0.07098813227003836 3.639890760417998 1.1097917556762695 0.9773622 0.8070866 0.7857142686843872 0.8681818181818182 0.0 0.0 0.0 687462 531262 
28 0.03615420082158695 1.4479606705387746 1.3142728805541992 0.99114174 0.7992126 0.7857142686843872 0.8103030303030303 0.0 0.0 0.0 640608 515620 
29 0.0113424223840354 0.3709448133631954 0.5650283098220825 0.996063 0.88188976 0.8500000238418579 0.9110606060606061 0.5333333333333333 0.4 0.8 609357 531233 
30 0.003635780274406017 0.3563440294246974 0.6015068888664246 1.0 0.9015748 0.8571428656578064 0.9119696969696971 0.5238095238095238 0.36666666666666664 0.9166666666666666 687480 515625 
31 0.003645843603486914 0.3386666264355652 0.5604278445243835 0.9980315 0.92913383 0.8928571343421936 0.9209090909090909 0.6808510638297872 0.5333333333333333 0.9411764705882353 656229 515638 
32 0.0018492502945944608 0.29361153569981807 0.5398563146591187 0.99901575 0.9409449 0.9142857193946838 0.9054545454545455 0.7692307692307692 0.6666666666666666 0.9090909090909091 640587 531267 
33 0.01682652903383407 0.212574903156579 0.4066256582736969 0.996063 0.9488189 0.9428571462631226 0.9333333333333333 0.846153846153846 0.7333333333333333 1.0 578090 515641 
34 0.048829540544314175 18.312621717377912 2.624359130859375 0.9940945 0.8110236 0.800000011920929 0.6336363636363637 0.125 0.06666666666666667 1.0 624964 531264 
35 0.04005539430466693 2.47796373761545 0.8539420366287231 0.98720473 0.88582677 0.8714285492897034 0.8663636363636362 0.6785714285714285 0.6333333333333333 0.7307692307692307 656214 531249 
36 0.046616039708198054 0.2955968635758077 0.3616582155227661 0.9822835 0.9173228 0.9071428775787354 0.94 0.7868852459016393 0.8 0.7741935483870968 671868 531245 
37 0.11673284032635069 0.3212428362820092 0.425394207239151 0.99507874 0.9212598 0.8857142925262451 0.9609090909090909 0.7714285714285714 0.9 0.675 609339 531267 
38 0.030084849958121045 0.7458195786494175 0.9898481369018555 0.99311024 0.87401575 0.8500000238418579 0.946060606060606 0.4615384615384615 0.3 1.0 609336 515624 
39 0.013472711815000109 0.8263116933838061 1.0192912817001343 0.99704725 0.8582677 0.8357142806053162 0.9819696969696969 0.37837837837837834 0.23333333333333334 1.0 640605 515626 
2021-01-13 17:29:47 | add fc layer number: 8 fold
epoch train_loss vali_loss test_loss train_acc vali_acc test_acc test_auc test_f1 test_recall test_precision train_time test_time
0 1.0600547713088238 286531.50442913384 3.3053462505340576 0.7667323 0.78740156 0.7857142686843872 0.5 0.0 0.0 0.0 906200 187497 
1 0.3623873169027914 58645.11767962598 3.3053462505340576 0.8238189 0.78740156 0.7857142686843872 0.5 0.0 0.0 0.0 593731 531252 
2 0.2949089931221459 10334.311115895669 3.3053462505340576 0.87795275 0.78740156 0.7857142686843872 0.5 0.0 0.0 0.0 531226 531250 
3 0.23742474052380388 796.8503086360421 3.3053462505340576 0.9192913 0.78740156 0.7857142686843872 0.5 0.0 0.0 0.0 609356 531247 
4 0.19678649658293235 742862.8252952755 3.3053462505340576 0.9468504 0.78740156 0.7857142686843872 0.5 0.0 0.0 0.0 609358 500000 
5 0.31078283078088537 417907.99532480317 3.3053462505340576 0.93307084 0.78740156 0.7857142686843872 0.5 0.0 0.0 0.0 624981 515626 
6 0.21773666014352183 6361.997562438484 3.3053462505340576 0.90649605 0.78740156 0.7857142686843872 0.5 0.0 0.0 0.0 624978 500004 
7 0.12622732663248468 997.5503035417692 3.3053462505340576 0.9517717 0.78740156 0.7857142686843872 0.5 0.0 0.0 0.0 640605 515623 
8 0.07682537484738067 636.0042676550197 3.3053462505340576 0.9734252 0.78740156 0.7857142686843872 0.5 0.0 0.0 0.0 609355 546875 
9 0.07605978344955783 1442.847002645177 3.3053462505340576 0.97244096 0.78740156 0.7857142686843872 0.5 0.0 0.0 0.0 609353 515625 
10 0.07293918004303467 9911.428587906004 3.3053462505340576 0.97244096 0.78740156 0.7857142686843872 0.5 0.0 0.0 0.0 671855 531247 
11 0.04976590912730441 3156.0093350147636 3.3053462505340576 0.984252 0.78740156 0.7857142686843872 0.5 0.0 0.0 0.0 687482 515622 
12 0.03869012730034787 2116.7789835291583 3.3053462505340576 0.988189 0.78740156 0.7857142686843872 0.5 0.0 0.0 0.0 593732 546876 
13 0.06287767525439657 1284.1539950633612 3.3053462505340576 0.9753937 0.78740156 0.7857142686843872 0.5 0.0 0.0 0.0 703099 500003 
14 0.047486710472135096 970.3919177918922 3.3053462505340576 0.9862205 0.78740156 0.7857142686843872 0.5 0.0 0.0 0.0 609352 531248 
15 0.04743553941526751 625.5988481176181 3.3053462505340576 0.9862205 0.78740156 0.7857142686843872 0.5 0.0 0.0 0.0 656233 546874 
16 0.038366179341289004 386.7928550900437 3.3053462505340576 0.98917323 0.78740156 0.7857142686843872 0.5 0.0 0.0 0.0 601745 531249 
17 0.014547921460503198 547.9622966135581 3.3053462505340576 0.99704725 0.78740156 0.7857142686843872 0.5 0.0 0.0 0.0 609356 515621 
18 0.024264470587931866 509.1498581293061 3.3053462505340576 0.99311024 0.78740156 0.7857142686843872 0.5 0.0 0.0 0.0 656231 562497 
19 0.003337956855429234 539.2518358606053 3.3053462505340576 0.99901575 0.78740156 0.7857142686843872 0.5 0.0 0.0 0.0 703106 515625 
20 0.003566079979943933 888.8527447557825 3.3053462505340576 0.99901575 0.78740156 0.7857142686843872 0.5 0.0 0.0 0.0 609352 531249 
21 0.05284734251890625 3.716357122256061 3.211690902709961 0.9940945 0.78740156 0.7857142686843872 0.673939393939394 0.0 0.0 0.0 671856 515625 
22 0.05872716658976017 0.948799283485713 0.9745795130729675 0.9753937 0.32283464 0.2571428716182709 0.28878787878787876 0.28767123287671237 0.7 0.1810344827586207 609359 515618 
23 0.052810946662770954 463.02124792384353 3.3053462505340576 0.97834647 0.78740156 0.7857142686843872 0.5 0.0 0.0 0.0 593736 531245 
24 0.04341376709245791 395.1742462398499 3.3053462505340576 0.984252 0.78740156 0.7857142686843872 0.5 0.0 0.0 0.0 593731 531247 
25 0.01707537065527776 613.0823426734744 3.3053462505340576 0.99507874 0.78740156 0.7857142686843872 0.5 0.0 0.0 0.0 640604 531250 
26 0.002842270102769899 370.8400722713921 3.3053462505340576 1.0 0.78740156 0.7857142686843872 0.5 0.0 0.0 0.0 593732 531245 
27 0.001074756590757651 156.58041586087444 3.3053462505340576 1.0 0.78740156 0.7857142686843872 0.5 0.0 0.0 0.0 624966 546886 
28 0.0008501333858740817 58.68716355571597 2.908951997756958 1.0 0.78740156 0.7857142686843872 0.5575757575757576 0.0 0.0 0.0 640608 531247 
29 0.000536127092660951 14.730527479817548 2.1305253505706787 1.0 0.78740156 0.7928571701049805 0.7242424242424244 0.06451612903225806 0.03333333333333333 1.0 609355 515624 
30 0.0007046279850930129 4.744836287235651 1.3271236419677734 1.0 0.7992126 0.8142856955528259 0.8575757575757575 0.23529411764705882 0.13333333333333333 1.0 624978 531250 
31 0.00024798087359545386 2.0924432531116515 1.052323341369629 1.0 0.8267717 0.8428571224212646 0.876969696969697 0.4210526315789474 0.26666666666666666 1.0 624980 515623 
32 0.000292568250710977 0.8096114688032255 0.8577330708503723 1.0 0.8464567 0.8714285492897034 0.8922727272727273 0.5909090909090909 0.43333333333333335 0.9285714285714286 640606 515622 
33 0.00046492673183505344 0.579244316093565 0.6925131678581238 1.0 0.88582677 0.8857142925262451 0.9145454545454547 0.6666666666666667 0.5333333333333333 0.8888888888888888 562467 531247 
34 0.0004789669311557957 0.5485196353236991 0.6598575711250305 1.0 0.8897638 0.8857142925262451 0.9251515151515152 0.6923076923076923 0.6 0.8181818181818182 640620 531250 
35 0.00015382012976246416 0.44196911238309905 0.5078649520874023 1.0 0.9094488 0.9142857193946838 0.9469696969696969 0.7857142857142856 0.7333333333333333 0.8461538461538461 624981 531249 
36 0.001480319840349092 0.4636805353202219 0.41967734694480896 0.99901575 0.9173228 0.9142857193946838 0.9663636363636363 0.8181818181818182 0.9 0.75 687462 500013 
37 0.00043268061242310155 0.3726412790028129 0.31168222427368164 1.0 0.9251968 0.9357143044471741 0.9812121212121212 0.8524590163934426 0.8666666666666667 0.8387096774193549 562480 515620 
38 0.0015150912429272988 1.5267868699051264 1.769254207611084 0.99901575 0.7559055 0.7428571581840515 0.9624242424242424 0.6170212765957447 0.9666666666666667 0.453125 578121 531245 
39 0.093366733418872 1.481279348763894 1.721547245979309 0.9753937 0.68503934 0.6714285612106323 0.9539393939393939 0.5576923076923077 0.9666666666666667 0.3918918918918919 562496 515621 
2021-01-13 17:35:28 | add fc layer number: 9 fold
epoch train_loss vali_loss test_loss train_acc vali_acc test_acc test_auc test_f1 test_recall test_precision train_time test_time
0 0.8667650239204797 8757433.710629921 3.3053462505340576 0.77559054 0.78740156 0.7857142686843872 0.5 0.0 0.0 0.0 624978 187478 
1 0.34803697748447027 318435.75728961616 3.3053462505340576 0.81889766 0.78740156 0.7857142686843872 0.5 0.0 0.0 0.0 484374 499980 
2 0.33310120535178445 1201385.5222687009 3.3053462505340576 0.8917323 0.78740156 0.7857142686843872 0.5 0.0 0.0 0.0 515608 499996 
3 0.22653073999356096 49798.15669598917 3.3053462505340576 0.9212598 0.78740156 0.7857142686843872 0.5 0.0 0.0 0.0 687496 515608 
4 0.1555235685091319 513.6676395446297 12.047544479370117 0.95669293 0.21259843 0.2142857164144516 0.5 0.35294117647058826 1.0 0.21428571428571427 781232 499996 
5 0.1338622813795026 150452.7574434055 3.3053462505340576 0.9507874 0.78740156 0.7857142686843872 0.5 0.0 0.0 0.0 609355 515623 
6 0.08222049379017292 33922.324695497045 3.3053462505340576 0.97440946 0.78740156 0.7857142686843872 0.5 0.0 0.0 0.0 562483 531246 
7 0.06655268482570573 11960.097625492126 3.3053462505340576 0.97637796 0.78740156 0.7857142686843872 0.5 0.0 0.0 0.0 578104 531250 
8 0.06574183784601256 5291.6658853846275 3.3053462505340576 0.9832677 0.78740156 0.7857142686843872 0.5 0.0 0.0 0.0 624981 499996 
9 0.028308389534235118 3940.0983684870203 3.3053462505340576 0.988189 0.78740156 0.7857142686843872 0.5 0.0 0.0 0.0 593730 515623 
10 0.3606620223855409 42.337598819432294 3.3053462505340576 0.99507874 0.78740156 0.7857142686843872 0.5 0.0 0.0 0.0 609357 546872 
11 0.21085642017130776 91.40454456749863 3.3053462505340576 0.93503934 0.78740156 0.7857142686843872 0.5 0.0 0.0 0.0 593730 499998 
12 0.15177680986134087 19.761921233079565 3.3053462505340576 0.9507874 0.78740156 0.7857142686843872 0.5 0.0 0.0 0.0 703108 531246 
13 0.12026303983110143 3.024005344298881 2.9423506259918213 0.9616142 0.78740156 0.7857142686843872 0.41515151515151516 0.0 0.0 0.0 624983 562496 
14 0.06027070145438036 6.884456660803847 3.3053462505340576 0.97637796 0.78740156 0.7857142686843872 0.5 0.0 0.0 0.0 656245 531233 
15 0.08716830059768647 6.681717638894329 3.3053462505340576 0.97440946 0.78740156 0.7857142686843872 0.5 0.0 0.0 0.0 624982 484371 
16 0.046697658875326474 44.43950969966378 3.3053462505340576 0.9832677 0.78740156 0.7857142686843872 0.5 0.0 0.0 0.0 562483 546872 
17 0.03166312363556051 60.49440376401886 3.3053462505340576 0.9901575 0.78740156 0.7857142686843872 0.5 0.0 0.0 0.0 593730 531248 
18 0.0643286827519008 10.768728005604482 3.3053462505340576 0.98917323 0.78740156 0.7857142686843872 0.5 0.0 0.0 0.0 640606 546871 
19 0.052266234942660555 0.583246207143378 0.5833795070648193 0.9812992 0.78740156 0.7857142686843872 0.3166666666666667 0.0 0.0 0.0 609371 546858 
20 0.08535687925704703 315.1136285977101 3.3053462505340576 0.9773622 0.78740156 0.7857142686843872 0.5 0.0 0.0 0.0 609357 515620 
21 0.1884845022962788 1.0988720561575702 1.0225310325622559 0.93700784 0.78740156 0.7857142686843872 0.5690909090909091 0.0 0.0 0.0 624996 531231 
22 0.08887698222685048 2.6687269122229784 2.6832971572875977 0.96653545 0.78740156 0.7857142686843872 0.5542424242424242 0.0 0.0 0.0 593746 531233 
23 0.0720436851838677 1050.6877715343564 3.3053462505340576 0.98031497 0.78740156 0.7857142686843872 0.5 0.0 0.0 0.0 562498 515605 
24 0.035206255906327505 1.1597395105155435 1.1040295362472534 0.99114174 0.78740156 0.7857142686843872 0.7178787878787878 0.0 0.0 0.0 640621 531233 
25 0.06593292134659966 9.763240311558791 3.07110595703125 0.988189 0.78740156 0.7857142686843872 0.4553030303030304 0.0 0.0 0.0 578106 531247 
26 0.021617565054710457 1.642072081800521 1.5017887353897095 0.996063 0.78740156 0.7857142686843872 0.8009090909090909 0.0 0.0 0.0 624983 515621 
27 0.0462997102629628 28.07388570740467 2.861872673034668 0.9832677 0.78740156 0.7857142686843872 0.49424242424242426 0.0 0.0 0.0 640607 499996 
28 0.018994488680045905 4.0857809568484 1.6390146017074585 0.99507874 0.78740156 0.7857142686843872 0.8403030303030303 0.0 0.0 0.0 687495 531234 
29 0.015794800275452728 1.2642412127002955 1.1727519035339355 0.99311024 0.78740156 0.7928571701049805 0.8542424242424242 0.06451612903225806 0.03333333333333333 1.0 593743 531235 
30 0.012864586427866474 1.0197875225168513 0.8439958691596985 0.99507874 0.8228347 0.8214285969734192 0.8760606060606061 0.2857142857142857 0.16666666666666666 1.0 609356 531247 
31 0.010132163100303921 1.217211562348163 1.0346238613128662 0.9940945 0.8228347 0.8142856955528259 0.8837878787878788 0.2777777777777778 0.16666666666666666 0.8333333333333334 593735 562493 
32 0.01609813976541572 1.1673359278384157 0.9869772791862488 0.99311024 0.81496066 0.8142856955528259 0.9154545454545454 0.23529411764705882 0.13333333333333333 1.0 671857 515622 
33 0.03608565212146738 0.491520187670849 0.3601670265197754 0.99114174 0.88582677 0.8999999761581421 0.9387878787878788 0.7407407407407408 0.6666666666666666 0.8333333333333334 624982 546871 
34 0.010330864100893006 0.6589526186374522 0.6084465980529785 0.99704725 0.8897638 0.8857142925262451 0.9187878787878788 0.7241379310344827 0.7 0.75 640606 531246 
35 0.006034944552284717 0.6783879586370793 0.5792240500450134 0.9980315 0.8937008 0.8999999761581421 0.9451515151515152 0.7307692307692307 0.6333333333333333 0.8636363636363636 609371 515607 
36 0.0010284719743269063 0.5459379624134465 0.48325392603874207 1.0 0.9173228 0.9142857193946838 0.9490909090909091 0.7857142857142856 0.7333333333333333 0.8461538461538461 593735 531246 
37 0.0022654082464772887 0.49778122465148217 0.4287799894809723 0.9980315 0.8976378 0.9071428775787354 0.953030303030303 0.7936507936507938 0.8333333333333334 0.7575757575757576 546857 546871 
38 0.0056479446115348065 0.5971138395174722 0.4563094675540924 0.9980315 0.9212598 0.9285714030265808 0.9645454545454545 0.8148148148148148 0.7333333333333333 0.9166666666666666 703121 531246 
39 0.0023970480810751858 1.0888336551500353 0.38331338763237 0.99901575 0.8897638 0.9357143044471741 0.9612121212121212 0.8301886792452831 0.7333333333333333 0.9565217391304348 562482 515622 
2021-01-13 17:41:10 | add fc layer number: 10 fold
epoch train_loss vali_loss test_loss train_acc vali_acc test_acc test_auc test_f1 test_recall test_precision train_time test_time
0 0.6745935152834794 27617.880690206694 3.3053462505340576 0.7923228 0.77165353 0.7857142686843872 0.5 0.0 0.0 0.0 640587 187498 
1 0.2707127060477189 15390.501368725394 3.3053462505340576 0.91633856 0.77165353 0.7857142686843872 0.5 0.0 0.0 0.0 484354 531249 
2 0.2470323485652293 14100.157334215059 3.3053462505340576 0.90846455 0.77165353 0.7857142686843872 0.5 0.0 0.0 0.0 593728 546874 
3 0.16240276208543403 1457.1992860328494 3.3053462505340576 0.93799216 0.77165353 0.7857142686843872 0.5 0.0 0.0 0.0 671856 531247 
4 0.15151457265606078 488.74535988634966 3.3053462505340576 0.9478347 0.77165353 0.7857142686843872 0.5 0.0 0.0 0.0 796856 531246 
5 0.09350594068606069 252.8233266515056 3.3053462505340576 0.96653545 0.77165353 0.7857142686843872 0.5 0.0 0.0 0.0 671854 515625 
6 0.08912691711558132 295.4587407149668 3.3053462505340576 0.96653545 0.77165353 0.7857142686843872 0.5 0.0 0.0 0.0 640603 515628 
7 0.1003389755689253 573504.8302165355 3.3053462505340576 0.97637796 0.77165353 0.7857142686843872 0.5 0.0 0.0 0.0 624980 531246 
8 0.4339372627143785 6641909.003937008 3.3053462505340576 0.91633856 0.77165353 0.7857142686843872 0.5 0.0 0.0 0.0 703108 515621 
9 0.21612706094041584 6447.030765563484 3.3053462505340576 0.93307084 0.77165353 0.7857142686843872 0.5 0.0 0.0 0.0 593729 515624 
10 0.14037713838931848 285.586621502253 3.3053462505340576 0.9517717 0.77165353 0.7857142686843872 0.5 0.0 0.0 0.0 687479 531248 
11 0.08053301969968428 76.91533660888672 12.047544479370117 0.96850395 0.22834645 0.2142857164144516 0.5 0.35294117647058826 1.0 0.21428571428571427 656232 531248 
12 0.057781830782026755 28.7233279671256 12.047544479370117 0.9753937 0.22834645 0.2142857164144516 0.5 0.35294117647058826 1.0 0.21428571428571427 640602 515626 
13 0.08708368854846542 1092.9977887972134 3.3053462505340576 0.96456695 0.77165353 0.7857142686843872 0.5 0.0 0.0 0.0 593731 515625 
14 0.05739990016078855 774.1955326110359 3.3053462505340576 0.98031497 0.77165353 0.7857142686843872 0.5 0.0 0.0 0.0 640605 515621 
15 0.08625583044128625 740.761465958723 3.3053462505340576 0.9734252 0.77165353 0.7857142686843872 0.5 0.0 0.0 0.0 624980 531249 
16 0.060504390880113515 158.7105143389364 3.3053462505340576 0.988189 0.77165353 0.7857142686843872 0.5 0.0 0.0 0.0 624976 531249 
17 0.011983589067556493 135.7558217686931 3.3053462505340576 0.99901575 0.77165353 0.7857142686843872 0.5 0.0 0.0 0.0 687480 531250 
18 0.0211908274484197 31.053107179056003 3.3053462505340576 0.99311024 0.77165353 0.7857142686843872 0.5 0.0 0.0 0.0 656233 515608 
19 0.07264675439049409 249.50214680348793 3.3053462505340576 0.9773622 0.77165353 0.7857142686843872 0.5 0.0 0.0 0.0 640621 500001 
20 0.08347173997267025 924.0951403520239 3.3053462505340576 0.9734252 0.77165353 0.7857142686843872 0.5 0.0 0.0 0.0 609339 515643 
21 0.04973922331458119 449.1614752341443 3.3053462505340576 0.984252 0.77165353 0.7857142686843872 0.5 0.0 0.0 0.0 687474 531249 
22 0.021106151475270434 152.7592370941883 3.3053462505340576 0.99114174 0.77165353 0.7857142686843872 0.5 0.0 0.0 0.0 578090 515643 
23 0.017789891670736684 84.84176485557256 3.3053462505340576 0.99507874 0.77165353 0.7857142686843872 0.5 0.0 0.0 0.0 671857 531249 
24 0.07547974154145977 50.82900613499439 3.3053462505340576 0.97834647 0.77165353 0.7857142686843872 0.5 0.0 0.0 0.0 656229 531247 
25 0.06045313241825564 40.88973461361382 3.3053462505340576 0.9822835 0.77165353 0.7857142686843872 0.5 0.0 0.0 0.0 656230 531250 
26 0.026271017165634576 17.17807691679226 3.3053462505340576 0.9901575 0.77165353 0.7857142686843872 0.4954545454545455 0.0 0.0 0.0 656230 515624 
27 0.006742034474109102 11.806048250573827 3.3053462505340576 0.99901575 0.77165353 0.7857142686843872 0.5 0.0 0.0 0.0 624981 531246 
28 0.004570219994845294 7.256376694506548 3.2784416675567627 0.99901575 0.77165353 0.7857142686843872 0.5903030303030303 0.0 0.0 0.0 609354 515626 
29 0.08339149168303867 1.7935988884272538 0.8777493238449097 0.9812992 0.7992126 0.8071428537368774 0.9019696969696971 0.18181818181818182 0.1 1.0 671858 531246 
30 0.05379120653539192 127.94368749903882 3.1099205017089844 0.9793307 0.77165353 0.7857142686843872 0.6110606060606061 0.0 0.0 0.0 562478 531239 
31 0.0515257892488524 4.673357798358587 2.4603145122528076 0.9822835 0.77165353 0.7857142686843872 0.7981818181818181 0.0 0.0 0.0 656227 531264 
32 0.027266715387410417 2.515686670626242 2.252427339553833 0.99311024 0.77165353 0.7857142686843872 0.8556060606060607 0.0 0.0 0.0 609355 546873 
33 0.007637146121536301 1.4228895686742828 1.2567899227142334 0.9980315 0.78740156 0.8071428537368774 0.901969696969697 0.18181818181818182 0.1 1.0 671855 546873 
34 0.002525588210606141 1.096316088841656 0.9439653754234314 1.0 0.8464567 0.8500000238418579 0.948939393939394 0.4615384615384615 0.3 1.0 671855 499999 
35 0.008001466047506428 0.6246970833286526 0.5809571146965027 0.9980315 0.9055118 0.8999999761581421 0.9618181818181818 0.6956521739130436 0.5333333333333333 1.0 609356 531246 
36 0.013091257491009676 0.30597752740416 0.21764934062957764 0.996063 0.93700784 0.9428571462631226 0.9763636363636362 0.8571428571428571 0.8 0.9230769230769231 656235 531246 
37 0.06458607580289098 0.7090667650455565 0.6473318338394165 0.98917323 0.87401575 0.8928571343421936 0.9318181818181819 0.6666666666666666 0.5 1.0 640605 531250 
38 0.031023178865590435 0.8264708176372558 0.608424186706543 0.9901575 0.87795275 0.9142857193946838 0.9674242424242424 0.8235294117647058 0.9333333333333333 0.7368421052631579 671855 499996 
39 0.04118760892256038 2.3137936104001025 1.2524839639663696 0.98917323 0.81496066 0.8214285969734192 0.9409090909090909 0.2857142857142857 0.16666666666666666 1.0 796854 499999 
