2021-01-18 17:39:01 | add fc layer number: 1 fold
epoch train_loss vali_loss test_loss train_acc vali_acc test_acc test_auc test_f1 test_recall test_precision train_time test_time
0 43.78271919290225 0.590445834047654 0.5983501076698303 0.66041666 0.8352941 0.8021201491355896 0.8207772795216741 0.15151515151515152 0.08333333333333333 0.8333333333333334 144311 189942 
1 4.6821962058544155 1.669547153220457 2.079336166381836 0.6822917 0.82941175 0.7879858613014221 0.7831464872944692 0.0 0.0 0.0 302583 162938 
2 2.207762943704923 1.6408313028952655 2.037099838256836 0.68541664 0.82941175 0.7879858613014221 0.8393497757847533 0.0 0.0 0.0 310563 161962 
3 2.2670850406090417 1.8732748059665456 2.3251681327819824 0.68645835 0.82941175 0.7879858613014221 0.8400971599402094 0.0 0.0 0.0 306565 163961 
4 0.5862740310529868 0.4351880950086257 0.4513359069824219 0.8197917 0.89411765 0.8657243847846985 0.8751868460388639 0.6122448979591837 0.5 0.7894736842105263 306561 162965 
5 0.12930040881037713 0.41835567039601945 0.4978640377521515 0.97291666 0.82941175 0.7879858613014221 0.8749626307922271 0.03225806451612903 0.016666666666666666 0.5 303564 164966 
6 0.09840389812986056 0.4911971134297988 0.5865868926048279 0.9760417 0.82941175 0.7879858613014221 0.8777279521674142 0.03225806451612903 0.016666666666666666 0.5 303566 160948 
7 0.09809953334430853 0.9354968120070065 1.13595712184906 0.965625 0.82941175 0.7879858613014221 0.8765321375186845 0.0 0.0 0.0 302566 287927 
8 0.06100994652758042 0.32893458885305066 0.37135443091392517 0.98020834 0.85294116 0.8303886651992798 0.877204783258595 0.3684210526315789 0.23333333333333334 0.875 302565 164960 
9 0.018069144540155926 0.35056882781140947 0.4086417257785797 1.0 0.84117645 0.8091872930526733 0.8769058295964126 0.20588235294117646 0.11666666666666667 0.875 327556 172959 
10 0.0129383797912548 0.48486171820584467 0.580971896648407 1.0 0.8235294 0.7879858613014221 0.876831091180867 0.03225806451612903 0.016666666666666666 0.5 318575 163934 
11 0.011906903081883987 0.375886255327393 0.44300931692123413 1.0 0.8235294 0.8091872930526733 0.8775784753363228 0.20588235294117646 0.11666666666666667 0.875 316558 163963 
12 0.007907338564594586 0.46240209937095644 0.5515987873077393 1.0 0.8235294 0.7915194630622864 0.8775784753363228 0.06349206349206349 0.03333333333333333 0.6666666666666666 308580 173946 
13 0.007290783648689588 0.3717490943039165 0.4378136098384857 1.0 0.84117645 0.8091872930526733 0.8775037369207772 0.20588235294117646 0.11666666666666667 0.875 327574 165936 
14 0.006049059277089933 0.4742489081971786 0.5656766891479492 1.0 0.8235294 0.7950530052185059 0.878101644245142 0.09375000000000001 0.05 0.75 313559 162948 
15 0.005844961215431491 0.3887799136778888 0.45938122272491455 1.0 0.82941175 0.8091872930526733 0.8782511210762332 0.20588235294117646 0.11666666666666667 0.875 313561 163648 
16 0.005123424790023516 0.40200367850415847 0.47555574774742126 1.0 0.8235294 0.8091872930526733 0.8781763826606876 0.20588235294117646 0.11666666666666667 0.875 315578 174945 
17 0.004480080663536986 0.5004721911514507 0.597040057182312 1.0 0.8235294 0.7950530052185059 0.8786995515695066 0.09375000000000001 0.05 0.75 337572 165961 
18 0.004033220850396901 0.5749519390218398 0.687959611415863 1.0 0.8235294 0.7879858613014221 0.8786995515695067 0.03225806451612903 0.016666666666666666 0.5 332623 171961 
19 0.0031202336850886542 0.5432998930706697 0.6496117115020752 1.0 0.8235294 0.7915194630622864 0.8792974588938715 0.06349206349206349 0.03333333333333333 0.6666666666666666 351550 165960 
20 0.0027097364887595176 0.46966579398688146 0.559366762638092 1.0 0.8235294 0.8056536912918091 0.8792227204783258 0.17910447761194032 0.1 0.8571428571428571 345553 164932 
21 0.002262134721968323 0.561184713419746 0.6707190871238708 1.0 0.8235294 0.7915194630622864 0.8790732436472348 0.06349206349206349 0.03333333333333333 0.6666666666666666 308562 164961 
22 0.001833180570974946 0.5525288031381719 0.6597154140472412 1.0 0.8235294 0.7915194630622864 0.8791479820627803 0.06349206349206349 0.03333333333333333 0.6666666666666666 323572 163948 
23 0.001609949740425994 0.44686426117139705 0.5310671329498291 1.0 0.8235294 0.8056536912918091 0.8795964125560538 0.17910447761194032 0.1 0.8571428571428571 380554 177944 
24 0.0014927825463625292 0.5850648294476902 0.6986866593360901 1.0 0.8235294 0.7915194630622864 0.8791479820627801 0.06349206349206349 0.03333333333333333 0.6666666666666666 341552 164950 
25 0.0014004940128264328 0.6142060623449438 0.7337605357170105 1.0 0.8235294 0.7879858613014221 0.8793721973094171 0.03225806451612903 0.016666666666666666 0.5 328557 163949 
26 0.0013675137306563556 0.5025058192365309 0.5983588099479675 1.0 0.8235294 0.8056536912918091 0.8798953662182362 0.17910447761194032 0.1 0.8571428571428571 303565 162962 
27 0.0011409792020761718 0.4847272119101356 0.577180802822113 1.0 0.8235294 0.8056536912918091 0.8795216741405083 0.17910447761194032 0.1 0.8571428571428571 327557 162964 
28 0.0010486709982311974 0.5964271794347202 0.7118815183639526 1.0 0.8235294 0.7915194630622864 0.8795216741405082 0.06349206349206349 0.03333333333333333 0.6666666666666666 304561 168947 
29 0.0009629147088465591 0.4623889866997214 0.5500597357749939 1.0 0.8235294 0.8056536912918091 0.8799701046337818 0.17910447761194032 0.1 0.8571428571428571 330559 168949 
30 0.0010521253648524483 0.46034287547363956 0.5473162531852722 1.0 0.8235294 0.8056536912918091 0.8801943198804185 0.17910447761194032 0.1 0.8571428571428571 316565 166950 
31 0.0008368138825365653 0.5433806805049672 0.6473842859268188 1.0 0.8235294 0.7985865473747253 0.8801943198804185 0.12307692307692308 0.06666666666666667 0.8 330555 165960 
32 0.0007692512260594716 0.5048308470669914 0.6009905934333801 1.0 0.8235294 0.8056536912918091 0.8799701046337818 0.17910447761194032 0.1 0.8571428571428571 358549 172891 
33 0.0008209994790377096 0.6372476725017323 0.7606210708618164 1.0 0.8235294 0.7915194630622864 0.8798953662182362 0.06349206349206349 0.03333333333333333 0.6666666666666666 314562 166963 
34 0.0006908126039585719 0.6545265681603376 0.7808940410614014 1.0 0.8235294 0.7915194630622864 0.880119581464873 0.06349206349206349 0.03333333333333333 0.6666666666666666 312563 165947 
35 0.0006425527622923255 0.5410543266464682 0.6444368958473206 1.0 0.8235294 0.8056536912918091 0.8800448430493273 0.17910447761194032 0.1 0.8571428571428571 338571 164948 
36 0.0005533677390000473 0.6036767195252811 0.7193387746810913 1.0 0.8235294 0.7950530052185059 0.880493273542601 0.09375000000000001 0.05 0.75 301580 160524 
37 0.0005128645352669992 0.5367057481232811 0.6388450860977173 1.0 0.8235294 0.8056536912918091 0.8803437967115098 0.17910447761194032 0.1 0.8571428571428571 318561 171961 
38 0.0005112029466545209 0.6231241163085489 0.7422890663146973 1.0 0.8235294 0.7950530052185059 0.8806427503736921 0.09375000000000001 0.05 0.75 320562 167959 
39 0.000465045687451493 0.611700628785526 0.7287576794624329 1.0 0.8235294 0.7950530052185059 0.8802690582959641 0.09375000000000001 0.05 0.75 312564 203935 
2021-01-18 17:40:16 | add fc layer number: 2 fold
epoch train_loss vali_loss test_loss train_acc vali_acc test_acc test_auc test_f1 test_recall test_precision train_time test_time
0 21.062778357664744 1.4090919901342953 1.6766828298568726 0.62083334 0.8235294 0.7879858613014221 0.6899476831091181 0.0 0.0 0.0 730447 197936 
1 1.5670977900425593 0.859042041091358 1.017194151878357 0.6666667 0.8235294 0.7879858613014221 0.8345291479820628 0.0 0.0 0.0 307582 167945 
2 0.6379236002763112 0.517900781771716 0.5949994921684265 0.75 0.8235294 0.7879858613014221 0.8680119581464874 0.0 0.0 0.0 310581 174944 
3 0.2892608145872752 0.6119872994282667 0.709377110004425 0.884375 0.81764704 0.7879858613014221 0.873168908819133 0.0 0.0 0.0 347621 178958 
4 0.3471392787992954 1.9085104100844439 1.801297664642334 0.84166664 0.1764706 0.2226148396730423 0.874439461883408 0.35294117647058826 1.0 0.21428571428571427 312562 175950 
5 0.5705227526525657 0.46823691971161785 0.5298054814338684 0.8229167 0.81764704 0.7915194630622864 0.8732436472346786 0.06349206349206349 0.03333333333333333 0.6666666666666666 309561 170960 
6 0.08621657975018024 0.6058170616626739 0.6992967128753662 0.97291666 0.81764704 0.7950530052185059 0.8734678624813152 0.06451612903225806 0.03333333333333333 1.0 322558 172968 
7 0.02709588184952736 0.406055629604003 0.4500570595264435 0.99895835 0.8352941 0.7950530052185059 0.875710014947683 0.09375000000000001 0.05 0.75 312561 171946 
8 0.029978159721940754 0.7590055795276867 0.8821452260017395 0.99791664 0.81764704 0.7950530052185059 0.8774289985052317 0.06451612903225806 0.03333333333333333 1.0 310560 168965 
9 0.019216704570377868 0.5993519677835353 0.6895120739936829 0.99791664 0.81764704 0.7915194630622864 0.8775784753363229 0.06349206349206349 0.03333333333333333 0.6666666666666666 327572 170296 
10 0.014980148803442717 0.42300369949901806 0.4710870087146759 0.99895835 0.8352941 0.7985865473747253 0.8783258594917788 0.12307692307692308 0.06666666666666667 0.8 306581 174945 
11 0.009151565935462713 0.5498886160990771 0.6281222701072693 1.0 0.81764704 0.7915194630622864 0.8778026905829597 0.06349206349206349 0.03333333333333333 0.6666666666666666 342569 183942 
12 0.006433445820584893 0.6296582807512844 0.7246968150138855 1.0 0.81764704 0.7915194630622864 0.8781016442451419 0.06349206349206349 0.03333333333333333 0.6666666666666666 367561 175944 
13 0.008366501121781767 0.6133759926347172 0.70479416847229 0.99895835 0.81764704 0.7915194630622864 0.8782511210762332 0.06349206349206349 0.03333333333333333 0.6666666666666666 309579 171947 
14 0.005974095881295701 0.5897283021141501 0.6758861541748047 0.99895835 0.81764704 0.7915194630622864 0.8783258594917788 0.06349206349206349 0.03333333333333333 0.6666666666666666 315581 192936 
15 0.004679044716370603 0.4974324640105752 0.5633509159088135 1.0 0.82941175 0.7950530052185059 0.8781763826606876 0.09375000000000001 0.05 0.75 354567 173945 
16 0.005576459298996876 0.8889110284693101 1.034938097000122 0.99895835 0.81764704 0.7950530052185059 0.8775784753363228 0.06451612903225806 0.03333333333333333 1.0 343571 179281 
17 0.010163077704298 0.5500115878441755 0.6273132562637329 0.99791664 0.82941175 0.7950530052185059 0.8769805680119581 0.09375000000000001 0.05 0.75 321561 171961 
18 1.2320519437625383 1.5923469585530898 1.8922289609909058 0.91875 0.8235294 0.7879858613014221 0.871001494768311 0.0 0.0 0.0 340554 177945 
19 1.7285361344615617 3.0050849634058334 2.861417293548584 0.746875 0.1764706 0.21201413869857788 0.8743647234678625 0.34985422740524785 1.0 0.21201413427561838 314564 172947 
20 0.5459395276460176 2.131980332206277 2.03466796875 0.89375 0.1764706 0.21201413869857788 0.8569506726457399 0.34985422740524785 1.0 0.21201413427561838 324559 175958 
21 0.8706431006391843 0.5297553441103767 0.541725218296051 0.73645836 0.8352941 0.7985865473747253 0.8575485799701046 0.09523809523809523 0.05 1.0 323557 181946 
22 0.49059278865655265 0.41298839800498066 0.4434327483177185 0.76979166 0.8235294 0.7950530052185059 0.8775037369207772 0.06451612903225806 0.03333333333333333 1.0 309568 171955 
23 0.05079372313727314 0.620758483690374 0.7542582154273987 0.996875 0.8352941 0.7950530052185059 0.8777279521674141 0.09375000000000001 0.05 0.75 303564 173965 
24 0.6973437396013954 0.853312038674074 1.007405161857605 0.78333336 0.8235294 0.7879858613014221 0.8665171898355755 0.0 0.0 0.0 307563 170947 
25 0.14302069116383792 0.3661297966452206 0.3957023024559021 0.9635417 0.8352941 0.7985865473747253 0.8739910313901346 0.12307692307692308 0.06666666666666667 0.8 327556 171946 
26 0.06584833643088737 0.4206595007111045 0.4668230712413788 0.9916667 0.82941175 0.7950530052185059 0.876457399103139 0.09375000000000001 0.05 0.75 309050 173962 
27 0.050487900711596014 0.8184187180855695 0.9507721066474915 0.9927083 0.8235294 0.7950530052185059 0.8782511210762332 0.06451612903225806 0.03333333333333333 1.0 310564 168963 
28 0.03271436744835228 0.8519596348790561 0.9935069680213928 0.9927083 0.8235294 0.7950530052185059 0.8804185351270553 0.06451612903225806 0.03333333333333333 1.0 303564 171802 
29 0.008544697950128466 0.5653712854665869 0.6517583727836609 0.99895835 0.8235294 0.7915194630622864 0.880269058295964 0.06349206349206349 0.03333333333333333 0.6666666666666666 300567 170963 
30 0.00288530399169152 0.7103307418963488 0.8249059319496155 1.0 0.8235294 0.7915194630622864 0.8801943198804185 0.06349206349206349 0.03333333333333333 0.6666666666666666 314582 168946 
31 0.0020401388561973968 0.5191320850568659 0.5925347805023193 1.0 0.82941175 0.7950530052185059 0.8800448430493273 0.09375000000000001 0.05 0.75 305564 167964 
32 0.0018184570886660366 0.642520733090008 0.7424401640892029 1.0 0.8235294 0.7915194630622864 0.8799701046337818 0.06349206349206349 0.03333333333333333 0.6666666666666666 296566 171963 
33 0.0014934685178256283 0.6562701460193185 0.7588230967521667 1.0 0.8235294 0.7915194630622864 0.879745889387145 0.06349206349206349 0.03333333333333333 0.6666666666666666 309561 171945 
34 0.002055185402665908 0.598544698603013 0.6887522339820862 1.0 0.82941175 0.7950530052185059 0.8793721973094171 0.09375000000000001 0.05 0.75 319560 178958 
35 0.0016000292574365933 0.6989081459886888 0.8099156022071838 1.0 0.8235294 0.7915194630622864 0.8796711509715994 0.06349206349206349 0.03333333333333333 0.6666666666666666 304564 170960 
36 0.0014087365067098289 0.8058998521636515 0.9379668235778809 1.0 0.8235294 0.7915194630622864 0.8798206278026905 0.06349206349206349 0.03333333333333333 0.6666666666666666 334572 180940 
37 0.001116716125397943 0.6728649788043078 0.778068482875824 1.0 0.8235294 0.7915194630622864 0.8790732436472346 0.06349206349206349 0.03333333333333333 0.6666666666666666 306562 353901 
38 0.000809275593686228 0.6090191648286931 0.7004536390304565 1.0 0.82941175 0.7950530052185059 0.8792227204783258 0.09375000000000001 0.05 0.75 300565 156951 
39 0.0008337031186480697 0.5791528582572937 0.6636924147605896 1.0 0.82941175 0.7950530052185059 0.8795216741405082 0.09375000000000001 0.05 0.75 302563 200936 
2021-01-18 17:41:34 | add fc layer number: 3 fold
epoch train_loss vali_loss test_loss train_acc vali_acc test_acc test_auc test_f1 test_recall test_precision train_time test_time
0 21.285003987948098 0.6806310499415679 0.6768055558204651 0.640625 0.6117647 0.6395759582519531 0.8162752916851278 0.5142857142857142 0.8852459016393442 0.3624161073825503 668466 192938 
1 0.9912102550268174 0.6116353834376616 0.6112626791000366 0.73020834 0.9 0.851590096950531 0.8839905479249741 0.65 0.639344262295082 0.6610169491525424 308580 173945 
2 0.5453906938433647 1.4089066792936886 1.776478886604309 0.778125 0.82941175 0.7844523191452026 0.8690001476886723 0.0 0.0 0.0 312077 168946 
3 0.6925815373659134 0.375831654141931 0.44335493445396423 0.7916667 0.82941175 0.7844523191452026 0.8869443213705509 0.031746031746031744 0.01639344262295082 0.5 312560 166961 
4 0.18662163491050401 0.5500747564960928 0.6964585781097412 0.93333334 0.82941175 0.7844523191452026 0.8899719391522669 0.0 0.0 0.0 310561 166949 
5 0.16711589011053243 0.9225034643622005 1.1682870388031006 0.93333334 0.82941175 0.7844523191452026 0.8884950524294786 0.0 0.0 0.0 323558 168961 
6 0.33302906186630327 3.7977989140678856 3.324812173843384 0.8989583 0.82941175 0.7844523191452026 0.5 0.0 0.0 0.0 308565 168947 
7 0.9089917956540982 0.8839429448632633 1.1385451555252075 0.771875 0.82941175 0.7844523191452026 0.8798552651011667 0.0 0.0 0.0 315560 174959 
8 0.06882797397362689 0.40346713977701526 0.5209791660308838 0.978125 0.82941175 0.7879858613014221 0.8833259488997194 0.0625 0.03278688524590164 0.6666666666666666 330714 172958 
9 0.010570691929509242 0.46926569167305443 0.6144213676452637 0.99791664 0.82941175 0.7879858613014221 0.8854674346477625 0.0625 0.03278688524590164 0.6666666666666666 311562 172959 
10 0.006319396644054602 0.4794618859010584 0.6269717812538147 0.99791664 0.8352941 0.7879858613014221 0.8861320336730173 0.0625 0.03278688524590164 0.6666666666666666 343552 181943 
11 0.011264559614937752 0.3118586589308346 0.34550440311431885 0.99791664 0.87058824 0.8586572408676147 0.8854674346477625 0.6 0.4918032786885246 0.7692307692307693 312567 172973 
12 0.0038798541616415607 0.4707128430114073 0.6194807887077332 0.99895835 0.84117645 0.7950530052185059 0.8861320336730173 0.12121212121212123 0.06557377049180328 0.8 330556 168960 
13 0.003705378185744242 0.32071475246373343 0.3445987105369568 0.99895835 0.88235295 0.851590096950531 0.8865750996898538 0.6037735849056605 0.5245901639344263 0.7111111111111111 318559 173946 
14 1.4336792251531734 1.172395261596231 1.4772752523422241 0.85625 0.82941175 0.7844523191452026 0.8505759858218874 0.0 0.0 0.0 308562 170947 
15 0.6245022421081861 0.4828958125675426 0.6058098077774048 0.83125 0.82941175 0.7809187173843384 0.8755722936050804 0.0 0.0 0.0 320559 169961 
16 0.31875624967118105 0.7306398812462301 0.7205071449279785 0.9145833 0.34705883 0.3674911558628082 0.86294491212524 0.4013377926421405 0.9836065573770492 0.25210084033613445 344553 177959 
17 0.6473717898596079 0.4508328518446754 0.5588198304176331 0.865625 0.82941175 0.7844523191452026 0.8709939447644366 0.0 0.0 0.0 320560 167948 
18 0.10888240833301097 0.6359544084352605 0.8625369668006897 0.965625 0.8235294 0.7844523191452026 0.8729877418402008 0.031746031746031744 0.01639344262295082 0.5 313563 168960 
19 0.012585180571962458 1.4264315899680642 1.3088785409927368 0.99583334 0.3764706 0.43816253542900085 0.8749815389159652 0.4301075268817205 0.9836065573770492 0.27522935779816515 316566 170959 
20 1.7329636945098172 0.7875157387817607 0.9894928932189941 0.73333335 0.82941175 0.7844523191452026 0.7970019199527395 0.0 0.0 0.0 356549 179956 
21 0.4989508440097173 0.4426650937865762 0.4895615875720978 0.74791664 0.82941175 0.7844523191452026 0.8771230246640083 0.0 0.0 0.0 317564 168960 
22 0.284276840587457 0.3882891388500438 0.4358547329902649 0.89270836 0.8235294 0.7844523191452026 0.8808152414709792 0.031746031746031744 0.01639344262295082 0.5 308562 173954 
23 0.0577388565056026 0.37491038336473353 0.4638248085975647 0.996875 0.8352941 0.7915194630622864 0.8832521045635798 0.0923076923076923 0.04918032786885246 0.75 314560 170946 
24 0.00937556231704851 0.33964423922931447 0.41477951407432556 0.99895835 0.84705883 0.8127208352088928 0.883621326244277 0.273972602739726 0.16393442622950818 0.8333333333333334 311566 171328 
25 0.028748217531635114 0.3624911567744087 0.4471421539783478 0.9895833 0.84705883 0.8091872930526733 0.8862058780091567 0.24999999999999997 0.14754098360655737 0.8181818181818182 322561 171960 
26 1.3079505200653025 0.4316523608039407 0.5051032304763794 0.740625 0.82941175 0.7844523191452026 0.8759415152857776 0.0 0.0 0.0 331558 170959 
27 0.15321433767676354 0.41526558925123774 0.5275346636772156 0.953125 0.8235294 0.7879858613014221 0.884138236597253 0.03225806451612903 0.01639344262295082 1.0 333555 176957 
28 0.01583255046668152 0.5551687321242165 0.730141818523407 1.0 0.8235294 0.7844523191452026 0.8840643922611136 0.031746031746031744 0.01639344262295082 0.5 342559 178955 
29 0.004440227892094602 0.41427870427860936 0.5415095090866089 1.0 0.8352941 0.7950530052185059 0.8842859252695318 0.12121212121212123 0.06557377049180328 0.8 309565 170957 
30 0.011343146422101805 0.8245869629523334 1.077246904373169 0.99791664 0.82941175 0.7879858613014221 0.8845813026140894 0.03225806451612903 0.01639344262295082 1.0 321560 168959 
31 0.008908743500554313 0.3128761242417728 0.39413583278656006 0.99791664 0.85294116 0.8303886651992798 0.8856889676561808 0.3846153846153846 0.2459016393442623 0.8823529411764706 310576 168949 
32 0.003786782582756132 0.733287799358368 0.9605443477630615 0.99895835 0.82941175 0.7844523191452026 0.8860581893368779 0.031746031746031744 0.01639344262295082 0.5 327559 169963 
33 0.004630493601628889 0.5335700687240151 0.7123538851737976 0.99895835 0.8352941 0.7879858613014221 0.885910500664599 0.0625 0.03278688524590164 0.6666666666666666 314563 170959 
34 0.0017559705816286926 0.3329961615450242 0.42770686745643616 1.0 0.86470586 0.8233215808868408 0.8870920100428298 0.3421052631578947 0.21311475409836064 0.8666666666666667 342555 177957 
35 0.002214534181014945 0.4005900361958672 0.5297679901123047 1.0 0.84117645 0.8091872930526733 0.8862797223452962 0.24999999999999997 0.14754098360655737 0.8181818181818182 311566 169947 
36 0.0090359851300794 0.3178472266477697 0.4055226743221283 0.99791664 0.85294116 0.833922266960144 0.8864274110175749 0.41975308641975306 0.2786885245901639 0.85 312564 169959 
37 0.0024376122863031926 0.6544003942433525 0.8683586716651917 1.0 0.8352941 0.7844523191452026 0.8865012553537144 0.031746031746031744 0.01639344262295082 0.5 306562 171946 
38 0.0006104302277284054 0.7520403665654799 0.9951280951499939 1.0 0.8235294 0.7844523191452026 0.8862797223452961 0.031746031746031744 0.01639344262295082 0.5 316570 170948 
39 0.00042749863641802224 0.5798783239196329 0.779387354850769 1.0 0.8352941 0.7915194630622864 0.8860581893368779 0.0923076923076923 0.04918032786885246 0.75 314563 204916 
2021-01-18 17:42:52 | add fc layer number: 4 fold
epoch train_loss vali_loss test_loss train_acc vali_acc test_acc test_auc test_f1 test_recall test_precision train_time test_time
0 19.839421121436526 3.4210825050578397 3.1904962062835693 0.66493237 0.15882353 0.21276596188545227 0.7286786786786786 0.3508771929824561 1.0 0.2127659574468085 824400 200953 
1 1.1030573326702793 0.6550890705164741 0.8659247159957886 0.72424555 0.84117645 0.7872340679168701 0.8527777777777779 0.0 0.0 0.0 384556 194926 
2 0.7796377505870628 1.1764216507182401 1.560268759727478 0.7544225 0.84117645 0.7872340679168701 0.8524399399399399 0.0 0.0 0.0 386538 194942 
3 0.48642231528060925 5.6466163579155415 5.241615295410156 0.80541104 0.15882353 0.21276596188545227 0.8535660660660661 0.3508771929824561 1.0 0.2127659574468085 381545 188938 
4 0.6873134583001881 0.42950448078267717 0.44727692008018494 0.80437046 0.88235295 0.8156028389930725 0.8782282282282282 0.35 0.23333333333333334 0.7 386543 190914 
5 0.12066638876192667 0.3217426815453698 0.3914298713207245 0.9677419 0.85882354 0.7943262457847595 0.8841591591591592 0.1212121212121212 0.06666666666666667 0.6666666666666666 379558 175931 
6 0.02685119218869439 0.7704663620275609 1.0748379230499268 0.99791884 0.84117645 0.7872340679168701 0.888063063063063 0.0 0.0 0.0 383557 191927 
7 0.03948688361058196 0.36221552666495827 0.499827116727829 0.9885536 0.85882354 0.7943262457847595 0.884009009009009 0.09375000000000001 0.05 0.75 373547 195960 
8 0.00823436502781435 0.3448813441921683 0.47165101766586304 0.9989594 0.87058824 0.8014184236526489 0.8842342342342342 0.15151515151515152 0.08333333333333333 0.8333333333333334 403535 199952 
9 0.006350290269007505 0.45989612270804014 0.6580987572669983 0.99791884 0.85882354 0.7872340679168701 0.8854354354354355 0.03225806451612903 0.016666666666666666 0.5 390541 188952 
10 0.007301051001408577 0.4121783964774188 0.5910007953643799 0.9989594 0.86470586 0.7872340679168701 0.8849099099099098 0.03225806451612903 0.016666666666666666 0.5 404551 196938 
11 0.008731633840177477 0.5289462019415463 0.7676804065704346 0.99687827 0.85882354 0.7872340679168701 0.8867117117117117 0.03225806451612903 0.016666666666666666 0.5 409530 193955 
12 0.011089142351937635 0.35060602636898264 0.34996816515922546 0.99791884 0.88235295 0.8546099066734314 0.886036036036036 0.6371681415929203 0.6 0.6792452830188679 377560 190937 
13 0.015798925467964492 0.5430385463378009 0.8024312257766724 0.99687827 0.85882354 0.7872340679168701 0.889039039039039 0.03225806451612903 0.016666666666666666 0.5 369559 191939 
14 0.009079369101804196 0.6035787736668307 0.8899179697036743 0.99791884 0.84705883 0.7872340679168701 0.8906156156156156 0.03225806451612903 0.016666666666666666 0.5 381541 190953 
15 1.3444003362167902 1.9776592759525076 2.6113946437835693 0.8563996 0.84117645 0.7872340679168701 0.8045045045045045 0.0 0.0 0.0 382690 192956 
16 0.6204469304640354 0.8032303739996517 1.0681999921798706 0.78563994 0.84117645 0.7872340679168701 0.8796921921921921 0.0 0.0 0.0 383554 191923 
17 0.9102118567299025 0.6640758787884432 0.8742774128913879 0.8366285 0.84117645 0.7872340679168701 0.8622372372372371 0.0 0.0 0.0 380042 168964 
18 0.5414148244413699 0.7144104179214029 0.9471933245658875 0.76170653 0.84117645 0.7872340679168701 0.904054054054054 0.0 0.0 0.0 417532 199936 
19 0.4723605467481432 0.6299683332443238 0.832960307598114 0.830385 0.84117645 0.7872340679168701 0.9065315315315317 0.0 0.0 0.0 391542 195937 
20 0.12963922248627993 0.5541653016034295 0.7426677346229553 0.95421433 0.84117645 0.7872340679168701 0.9053303303303304 0.0 0.0 0.0 392539 466865 
21 0.04502991597583899 0.34187262549119835 0.3407825827598572 0.9864724 0.87647057 0.8510638475418091 0.9034534534534535 0.588235294117647 0.5 0.7142857142857143 376548 163947 
22 0.013523396553699912 0.6128856266246122 0.8552398681640625 0.9989594 0.84117645 0.7872340679168701 0.9013513513513514 0.03225806451612903 0.016666666666666666 0.5 369544 164965 
23 0.0038114112589734098 0.5249026403707616 0.7215082049369812 1.0 0.86470586 0.7872340679168701 0.9003753753753754 0.03225806451612903 0.016666666666666666 0.5 368543 162963 
24 0.0011791905376606628 0.43529889653710757 0.5810343027114868 1.0 0.87058824 0.7872340679168701 0.9003753753753754 0.03225806451612903 0.016666666666666666 0.5 368546 163947 
25 0.002313501424459645 0.6116167671540205 0.8498479127883911 1.0 0.85294116 0.7872340679168701 0.9010510510510511 0.03225806451612903 0.016666666666666666 0.5 365546 167946 
26 0.0007728169591428771 0.5080162230659934 0.6930816769599915 1.0 0.86470586 0.7872340679168701 0.9003003003003003 0.03225806451612903 0.016666666666666666 0.5 374560 162963 
27 0.0005902170401152127 0.557785762758816 0.7673980593681335 1.0 0.86470586 0.7872340679168701 0.8999999999999999 0.03225806451612903 0.016666666666666666 0.5 361559 161949 
28 0.0005250614481160668 0.5684154005611644 0.7827799320220947 1.0 0.86470586 0.7872340679168701 0.8999249249249249 0.03225806451612903 0.016666666666666666 0.5 371560 162299 
29 0.0004815170495372564 0.5529230496462654 0.7587323188781738 1.0 0.86470586 0.7872340679168701 0.8999249249249249 0.03225806451612903 0.016666666666666666 0.5 372558 162935 
30 0.0004469349819321695 0.541045782846563 0.7404776215553284 1.0 0.86470586 0.7872340679168701 0.8999999999999999 0.03225806451612903 0.016666666666666666 0.5 364541 162701 
31 0.0004001799638336573 0.5179999681080089 0.7053107023239136 1.0 0.86470586 0.7872340679168701 0.8997747747747749 0.03225806451612903 0.016666666666666666 0.5 392552 164950 
32 0.0003971973885245414 0.5276018367094152 0.7198018431663513 1.0 0.86470586 0.7872340679168701 0.8997747747747747 0.03225806451612903 0.016666666666666666 0.5 401550 166937 
33 0.00034140239110648724 0.604918586506563 0.8359673619270325 1.0 0.86470586 0.7872340679168701 0.9003003003003003 0.03225806451612903 0.016666666666666666 0.5 370559 162666 
34 0.00030981338729269795 0.5540479919489693 0.7594534158706665 1.0 0.86470586 0.7872340679168701 0.8998498498498498 0.03225806451612903 0.016666666666666666 0.5 371555 162906 
35 0.00028687516982307603 0.5712776962448569 0.7853184938430786 1.0 0.86470586 0.7872340679168701 0.8996246246246246 0.03225806451612903 0.016666666666666666 0.5 366544 163960 
36 0.0002964487311270492 0.550910033899195 0.7547361850738525 1.0 0.86470586 0.7872340679168701 0.8995495495495496 0.03225806451612903 0.016666666666666666 0.5 369544 161964 
37 0.0002619274919245098 0.5470820363830118 0.7487165927886963 1.0 0.86470586 0.7872340679168701 0.8994744744744745 0.03225806451612903 0.016666666666666666 0.5 366545 166948 
38 0.00023676888206890085 0.5662338915993186 0.7776479125022888 1.0 0.86470586 0.7872340679168701 0.8993243243243243 0.03225806451612903 0.016666666666666666 0.5 373544 161946 
39 0.00021712626700863628 0.62369525011848 0.8640368580818176 1.0 0.86470586 0.7872340679168701 0.8999249249249248 0.03225806451612903 0.016666666666666666 0.5 405535 205932 
2021-01-18 17:44:10 | add fc layer number: 5 fold
epoch train_loss vali_loss test_loss train_acc vali_acc test_acc test_auc test_f1 test_recall test_precision train_time test_time
0 20.760073983334355 1.6871351831099566 2.1008505821228027 0.65764827 0.82941175 0.7872340679168701 0.7423048048048048 0.0 0.0 0.0 832395 190966 
1 2.4835600977013437 0.7003726461354424 0.8752526044845581 0.6555671 0.82941175 0.7872340679168701 0.8111111111111111 0.0 0.0 0.0 399551 178944 
2 1.2507220693029517 0.6280140350846684 0.7897385358810425 0.75546306 0.82941175 0.7872340679168701 0.8303303303303303 0.0 0.0 0.0 384544 170945 
3 0.3131392075603636 2.9702891798580393 2.7530059814453125 0.86576486 0.17058824 0.21276596188545227 0.8337837837837838 0.3508771929824561 1.0 0.2127659574468085 373558 168944 
4 0.6808910537724316 2.403614044189453 2.204190254211426 0.76899064 0.17058824 0.21276596188545227 0.8433933933933934 0.3508771929824561 1.0 0.2127659574468085 374545 169964 
5 0.4100621443369758 1.5828639451195212 1.4170033931732178 0.82934445 0.19411765 0.26241135597229004 0.8551801801801802 0.361963190184049 0.9833333333333333 0.22180451127819548 388542 171959 
6 0.2022272120535172 0.36457164918675145 0.3841453790664673 0.90738815 0.84117645 0.8510638475418091 0.8640390390390389 0.6250000000000001 0.5833333333333334 0.6730769230769231 378540 168960 
7 0.026393050738803183 0.33265919965856217 0.376755028963089 0.9947971 0.85882354 0.8439716100692749 0.8627627627627628 0.5319148936170213 0.4166666666666667 0.7352941176470589 378558 168947 
8 0.019836545847240025 1.051057121332954 1.3099828958511353 0.9958377 0.82941175 0.7943262457847595 0.8638888888888889 0.06451612903225806 0.03333333333333333 1.0 373565 173945 
9 0.01115294527572567 0.5229755352525151 0.6769288778305054 0.9989594 0.84705883 0.7907801270484924 0.864114114114114 0.0923076923076923 0.05 0.6 375558 171943 
10 0.014696277743885676 0.6128150378956514 0.7878305315971375 0.9989594 0.84117645 0.7872340679168701 0.8650150150150151 0.0625 0.03333333333333333 0.5 386543 172964 
11 0.008440831511784283 0.9698544460184434 1.2208032608032227 0.9989594 0.82941175 0.7907801270484924 0.8644894894894894 0.06349206349206349 0.03333333333333333 0.6666666666666666 373560 169933 
12 0.014500097540430952 1.508924210772795 1.8650953769683838 0.99791884 0.82941175 0.7943262457847595 0.863138138138138 0.06451612903225806 0.03333333333333333 1.0 380559 169951 
13 0.013982081147149189 0.3259779733770034 0.39839303493499756 0.99687827 0.84117645 0.8510638475418091 0.8660660660660661 0.5961538461538463 0.5166666666666667 0.7045454545454546 401551 171946 
14 0.0016140471881696578 0.6000125527381897 0.7792786359786987 1.0 0.84705883 0.7872340679168701 0.8652402402402403 0.09090909090909091 0.05 0.5 369550 175943 
15 0.0014362713325919891 0.5733759866041296 0.7486670017242432 1.0 0.84705883 0.7872340679168701 0.8650900900900901 0.09090909090909091 0.05 0.5 369564 168930 
16 0.0012734203783404683 0.5619241251665004 0.7357965111732483 1.0 0.84705883 0.7872340679168701 0.8646396396396395 0.09090909090909091 0.05 0.5 376569 168939 
17 0.0011133186656760747 0.9270538049585679 1.175394892692566 1.0 0.82941175 0.7907801270484924 0.8650900900900901 0.06349206349206349 0.03333333333333333 0.6666666666666666 372548 173946 
18 0.002657319857914807 0.46871306440409494 0.621886670589447 1.0 0.84705883 0.8014184236526489 0.8654654654654654 0.2 0.11666666666666667 0.7 380543 172959 
19 0.01071095022756127 0.9587805818108951 1.2152769565582275 0.99687827 0.82941175 0.7907801270484924 0.8643018018018016 0.06349206349206349 0.03333333333333333 0.6666666666666666 383544 169959 
20 1.6471902416226827 1.1766499280929565 1.4575693607330322 0.77315295 0.82941175 0.7872340679168701 0.8567567567567567 0.0 0.0 0.0 381545 171947 
21 0.5259207390349564 7.702029407725615 7.293900489807129 0.905307 0.17058824 0.21276596188545227 0.6118993993993994 0.3508771929824561 1.0 0.2127659574468085 374546 168959 
22 0.8146940444487775 0.6496440151158501 0.8758421540260315 0.8595213 0.84117645 0.7907801270484924 0.8635885885885886 0.06349206349206349 0.03333333333333333 0.6666666666666666 377546 170958 
23 2.2270859520674975 0.4395930584739236 0.5273804068565369 0.7669095 0.82941175 0.7872340679168701 0.8461711711711712 0.0 0.0 0.0 379545 172959 
24 1.1437745728180138 0.4435099342290093 0.5063686966896057 0.7898023 0.82941175 0.7872340679168701 0.8489489489489489 0.0 0.0 0.0 381539 169946 
25 0.28992276344521983 0.5547443901791292 0.5309731960296631 0.87825185 0.7235294 0.7695035338401794 0.8648648648648649 0.5911949685534591 0.7833333333333333 0.47474747474747475 374543 177943 
26 0.18082247299784807 2.1005780444425697 2.610954999923706 0.962539 0.82941175 0.7872340679168701 0.8460585585585586 0.0 0.0 0.0 381560 184953 
27 0.6594723116966986 0.39976825994603776 0.4753313958644867 0.7585848 0.82941175 0.7943262457847595 0.8685435435435435 0.06451612903225806 0.03333333333333333 1.0 363548 171757 
28 0.09733500604931572 0.3937155393993153 0.4144110679626465 0.97294486 0.8235294 0.8510638475418091 0.8677927927927926 0.671875 0.7166666666666667 0.6323529411764706 378548 167944 
29 0.012426415091858616 0.7560782390482286 1.002586841583252 0.99791884 0.8352941 0.7907801270484924 0.8640390390390389 0.0923076923076923 0.05 0.6 386544 170962 
30 0.012183949679478376 2.9868770599365235 2.5525903701782227 0.9958377 0.20588236 0.28723403811454773 0.8653903903903903 0.37383177570093457 1.0 0.22988505747126436 379545 170961 
31 1.203935814449616 0.4235000708523919 0.4717143177986145 0.7284079 0.82941175 0.7907801270484924 0.8590840840840841 0.03278688524590164 0.016666666666666666 1.0 382541 171959 
32 0.24836334898587195 0.3886527980075163 0.4329959750175476 0.88761705 0.8352941 0.7907801270484924 0.8623873873873873 0.0923076923076923 0.05 0.6 411535 175944 
33 0.1490014614837785 0.7139329068800983 0.9021614193916321 0.9719043 0.82941175 0.7872340679168701 0.8602102102102103 0.0 0.0 0.0 390542 170958 
34 0.11156575700159609 0.5824922246091506 0.7451404929161072 0.97710717 0.82941175 0.7943262457847595 0.8616366366366367 0.06451612903225806 0.03333333333333333 1.0 375544 166959 
35 0.05710219239290808 0.6780693376765532 0.864303708076477 0.9947971 0.82941175 0.7943262457847595 0.8629129129129128 0.06451612903225806 0.03333333333333333 1.0 381543 170959 
36 0.04745815208997736 0.6666455226785997 0.5689757466316223 0.9947971 0.7176471 0.7765957713127136 0.8596096096096095 0.6134969325153375 0.8333333333333334 0.4854368932038835 387542 169960 
37 0.3651607350972515 0.6055827821002288 0.7615667581558228 0.89594173 0.82941175 0.7943262457847595 0.8632882882882883 0.06451612903225806 0.03333333333333333 1.0 374546 170961 
38 0.04882353735199967 0.4729845825363608 0.6036832332611084 0.987513 0.82941175 0.7907801270484924 0.8618618618618619 0.06349206349206349 0.03333333333333333 0.6666666666666666 400538 175961 
39 0.023116909114800927 0.49554379301912643 0.6351603865623474 0.9989594 0.82941175 0.7907801270484924 0.8621621621621621 0.06349206349206349 0.03333333333333333 0.6666666666666666 383559 202936 
2021-01-18 18:03:15 | add fc layer number: 6 fold
epoch train_loss vali_loss test_loss train_acc vali_acc test_acc test_auc test_f1 test_recall test_precision train_time test_time
0 11.491249601046329 6.80371753468233 3.2703068256378174 0.6635417 0.8 0.7879858613014221 0.5 0.0 0.0 0.0 63020 182940 
1 1.3149104498016337 0.6836401714998133 0.7460711598396301 0.746875 0.4764706 0.3851590156555176 0.7801195814648729 0.3958333333333333 0.95 0.25 260265 154082 
2 0.3089716474836071 0.42394573408014635 0.5287579894065857 0.86041665 0.8 0.7844523191452026 0.8085201793721972 0.0 0.0 0.0 264259 157951 
3 0.23752448453645533 0.3773495940601124 0.4798971116542816 0.9145833 0.8 0.7809187173843384 0.8180866965620329 0.0 0.0 0.0 251285 156046 
4 0.10991614057372014 0.7143461163813138 0.9312241673469543 0.95520836 0.80588233 0.7809187173843384 0.808594917787743 0.0 0.0 0.0 256891 156913 
5 0.1655564326075061 0.2827160926426158 0.47035595774650574 0.95 0.87058824 0.8268551230430603 0.8358744394618833 0.3636363636363636 0.23333333333333334 0.8235294117647058 259685 157401 
6 0.3617392998163105 0.468189735995496 0.592555046081543 0.9010417 0.8 0.7809187173843384 0.8366965620328849 0.0 0.0 0.0 263306 157076 
7 0.08651463751254293 0.6217096013345701 0.8113462924957275 0.97083336 0.80588233 0.7809187173843384 0.8340807174887892 0.0 0.0 0.0 260260 283922 
8 0.35786684855566925 0.23921796749619878 0.4215349853038788 0.9125 0.9235294 0.8021201491355896 0.8369955156950672 0.5254237288135593 0.5166666666666667 0.5344827586206896 260263 159101 
9 0.2880369576557617 0.6791368444395416 0.7511073350906372 0.89375 0.8 0.7879858613014221 0.8161434977578474 0.0 0.0 0.0 275258 157962 
10 0.5291752380318939 0.7017234524821534 0.7677896022796631 0.8 0.8 0.7879858613014221 0.8141255605381166 0.0 0.0 0.0 262258 153967 
11 0.2809019510944684 0.7857777817832197 0.9355068802833557 0.8958333 0.8 0.7879858613014221 0.8020926756352765 0.0 0.0 0.0 255518 157966 
12 0.5833197709017743 0.2778035987825955 0.42030084133148193 0.8697917 0.9117647 0.8197879791259766 0.8189088191330343 0.41379310344827586 0.3 0.6666666666666666 257351 162653 
13 0.02396598022217707 0.265440332801903 0.4401461184024811 0.99375 0.9 0.8162544369697571 0.8215994020926756 0.36585365853658536 0.25 0.6818181818181818 257261 157968 
14 0.006348789981469357 0.67443999148467 0.9043369889259338 0.99895835 0.8 0.7809187173843384 0.8208520179372197 0.0 0.0 0.0 261610 156967 
15 0.006750670489661085 0.7556887069826617 0.9792250990867615 0.99895835 0.8 0.7844523191452026 0.8198804185351272 0.0 0.0 0.0 255266 156950 
16 0.009715145904313735 0.29939494531820804 0.5108237266540527 0.99791664 0.88235295 0.8091872930526733 0.8209267563527654 0.2702702702702703 0.16666666666666666 0.7142857142857143 306263 160948 
17 0.006264742862064547 0.2427688982556848 0.44871583580970764 0.99895835 0.92941177 0.8091872930526733 0.8213751868460388 0.5423728813559322 0.5333333333333333 0.5517241379310345 259258 155949 
18 0.031142435685372522 0.8882822871208191 1.2112022638320923 0.9927083 0.57058823 0.47349822521209717 0.8202541106128549 0.4419475655430711 0.9833333333333333 0.28502415458937197 259264 158949 
19 0.03230087551952844 0.5132314287016497 0.7666382789611816 0.9927083 0.81764704 0.7879858613014221 0.8295216741405083 0.09090909090909091 0.05 0.5 279259 158947 
20 0.025471680428321028 1.2866585448617116 1.5706247091293335 0.99583334 0.8 0.7844523191452026 0.8269431988041853 0.0 0.0 0.0 310246 166944 
21 0.18759020016271583 0.8899931849911809 1.1426277160644531 0.940625 0.8 0.7809187173843384 0.818236173393124 0.0 0.0 0.0 270369 158094 
22 0.1961123766360591 0.8639062769820585 1.1263911724090576 0.9322917 0.8 0.7809187173843384 0.8239162929745889 0.0 0.0 0.0 266262 161234 
23 0.008738337412796681 0.26455763964092033 0.4955044686794281 0.99895835 0.89411765 0.8162544369697571 0.8253363228699552 0.35 0.23333333333333334 0.7 257663 157968 
24 0.0027891809955690404 0.6025769847308231 0.8833959102630615 1.0 0.81764704 0.7915194630622864 0.8249626307922272 0.0923076923076923 0.05 0.6 255285 158415 
25 0.0019249890271263819 0.610749393696075 0.906403124332428 1.0 0.81764704 0.7950530052185059 0.8254857997010463 0.1212121212121212 0.06666666666666667 0.6666666666666666 251265 156949 
26 0.0004082219563618613 0.5802217566928662 0.8812193274497986 1.0 0.81764704 0.7915194630622864 0.8254110612855007 0.11940298507462686 0.06666666666666667 0.5714285714285714 262354 158994 
27 0.0003907641030915935 0.6362247109577498 0.9476097226142883 1.0 0.81764704 0.7950530052185059 0.8255605381165919 0.1212121212121212 0.06666666666666667 0.6666666666666666 269491 162301 
28 0.0003642495475408699 0.5725017199402347 0.885370135307312 1.0 0.81764704 0.7915194630622864 0.8254857997010463 0.11940298507462686 0.06666666666666667 0.5714285714285714 252277 167930 
29 0.00028097195239145853 0.477748250221724 0.7856910228729248 1.0 0.84117645 0.7985865473747253 0.8254857997010463 0.1739130434782609 0.1 0.6666666666666666 256282 155664 
30 0.0002735515568929259 0.5638342209050761 0.8856302499771118 1.0 0.8235294 0.7915194630622864 0.8258594917787743 0.11940298507462686 0.06666666666666667 0.5714285714285714 268383 157196 
31 0.00021003380291707193 0.5573771950158783 0.8823283314704895 1.0 0.8235294 0.7915194630622864 0.8257100149476831 0.11940298507462686 0.06666666666666667 0.5714285714285714 256527 156034 
32 0.0001874105450042407 0.65477469906567 0.9920628666877747 1.0 0.81764704 0.7950530052185059 0.8259342301943199 0.1212121212121212 0.06666666666666667 0.6666666666666666 252265 157661 
33 0.00017107571893575367 0.555865867372931 0.8884494304656982 1.0 0.8235294 0.7950530052185059 0.8255605381165919 0.14705882352941174 0.08333333333333333 0.625 256753 155967 
34 0.0001642153798760167 0.5612667618593311 0.8981893658638 1.0 0.8235294 0.7950530052185059 0.8255605381165919 0.14705882352941174 0.08333333333333333 0.625 251266 157963 
35 0.0001421702939902995 0.6000316249151878 0.9446771144866943 1.0 0.8235294 0.7915194630622864 0.8257847533632288 0.11940298507462686 0.06666666666666667 0.5714285714285714 254264 157962 
36 0.0001283397513664871 0.6015382619903368 0.9494391679763794 1.0 0.8235294 0.7915194630622864 0.8257847533632288 0.11940298507462686 0.06666666666666667 0.5714285714285714 254347 159268 
37 0.00012780121862003094 0.7492019559249885 1.1113535165786743 1.0 0.81764704 0.7915194630622864 0.8257847533632288 0.0923076923076923 0.05 0.6 258259 158964 
38 0.00010749451701788834 0.6275101396542809 0.9849613904953003 1.0 0.81764704 0.7915194630622864 0.8260089686098654 0.11940298507462686 0.06666666666666667 0.5714285714285714 305246 161966 
39 0.00010647638747893021 0.5740367219619015 0.929969072341919 1.0 0.8235294 0.7950530052185059 0.8255605381165919 0.14705882352941174 0.08333333333333333 0.625 263263 205931 
2021-01-18 18:05:09 | add fc layer number: 7 fold
epoch train_loss vali_loss test_loss train_acc vali_acc test_acc test_auc test_f1 test_recall test_precision train_time test_time
0 13.094775368769964 2.5484858737272376 2.5398495197296143 0.6770833 0.21176471 0.21201413869857788 0.8254857997010463 0.34985422740524785 1.0 0.21201413427561838 678126 191956 
1 0.8871451536814372 1.0994651380296359 1.0989973545074463 0.70520836 0.7882353 0.7879858613014221 0.8947683109118088 0.0 0.0 0.0 271275 182942 
2 0.32422437332570553 0.48744372830671423 0.4870622754096985 0.859375 0.84705883 0.851590096950531 0.9090433482810164 0.6956521739130435 0.8 0.6153846153846154 304259 187925 
3 0.09598384333464006 0.5997248754781835 0.5986867547035217 0.971875 0.68235296 0.6643109321594238 0.9090433482810164 0.5454545454545454 0.95 0.3825503355704698 292336 176927 
4 0.26370468268481395 0.3896420698393794 0.40085819363594055 0.90729165 0.8 0.8233215808868408 0.9136023916292975 0.32432432432432434 0.2 0.8571428571428571 281272 173956 
5 0.02936876659611395 0.7418126471285873 0.7439019680023193 0.99375 0.7882353 0.7809187173843384 0.9146487294469356 0.0 0.0 0.0 303246 174944 
6 0.48520808631243806 1.1620519476778366 1.1655800342559814 0.89270836 0.3529412 0.37455829977989197 0.9236173393124066 0.4040404040404041 1.0 0.25316455696202533 279257 174962 
7 0.1788019103439486 0.33960024258669685 0.3551485538482666 0.93854165 0.85294116 0.8480565547943115 0.9174140508221226 0.48192771084337344 0.3333333333333333 0.8695652173913043 276256 171947 
8 0.048952454376558305 0.3060036857338513 0.3176089823246002 0.9895833 0.85294116 0.8621907830238342 0.9163677130044843 0.6060606060606061 0.5 0.7692307692307693 267259 175073 
9 0.8394156382427543 0.45367613259483786 0.44930046796798706 0.8645833 0.7882353 0.7809187173843384 0.9132660687593424 0.0 0.0 0.0 263262 172945 
10 0.281027151333789 0.47808517664670946 0.4823641777038574 0.8833333 0.7882353 0.7844523191452026 0.9161434977578475 0.031746031746031744 0.016666666666666666 0.3333333333333333 272261 170780 
11 0.3016200832052467 0.865207675055546 0.8607473373413086 0.9270833 0.7882353 0.7879858613014221 0.9106128550074738 0.0 0.0 0.0 277259 170611 
12 0.24993601205933375 2.6400686572579777 2.6322600841522217 0.93958336 0.21176471 0.21201413869857788 0.8606875934230194 0.34985422740524785 1.0 0.21201413427561838 265262 169963 
13 0.5675019057239538 0.35622963081387915 0.3624139130115509 0.853125 0.8235294 0.8480565547943115 0.9164424514200299 0.4691358024691357 0.31666666666666665 0.9047619047619048 274260 170952 
14 0.03534865156495168 0.752209212762468 0.7790603637695312 0.9927083 0.7882353 0.7809187173843384 0.9176382660687593 0.0 0.0 0.0 275255 174029 
15 0.008994409983521716 0.42769716088386145 0.467897891998291 0.99791664 0.82941175 0.833922266960144 0.916965620328849 0.38961038961038963 0.25 0.8823529411764706 270243 171664 
16 0.004905905415216694 0.47894679318894356 0.5226216912269592 0.99791664 0.8235294 0.8268551230430603 0.9174140508221225 0.3466666666666666 0.21666666666666667 0.8666666666666667 275275 173138 
17 0.06736429184711597 3.8350876978247985 3.2692086696624756 0.98229164 0.7882353 0.7879858613014221 0.6486173393124065 0.0 0.0 0.0 281255 174958 
18 0.5036333457605603 1.0469281162176391 1.0485339164733887 0.8822917 0.7882353 0.7809187173843384 0.9189088191330343 0.0 0.0 0.0 279253 172946 
19 0.01592485242933132 1.0038251952706452 1.0053062438964844 0.99583334 0.7882353 0.7809187173843384 0.9187593423019432 0.0 0.0 0.0 280440 178459 
20 0.2542583626194224 0.6054425790248549 0.6075000166893005 0.9479167 0.7882353 0.7809187173843384 0.9190582959641256 0.0 0.0 0.0 284290 176086 
21 0.4581007561646402 0.5834230107857901 0.590297281742096 0.903125 0.7882353 0.7809187173843384 0.9021674140508221 0.0 0.0 0.0 289256 169957 
22 0.07029206884714465 0.728508520487915 0.7436712980270386 0.99375 0.7882353 0.7809187173843384 0.8969357249626307 0.0 0.0 0.0 280258 178955 
23 0.07206038649892435 3.748399914188601 3.2537155151367188 0.9916667 0.7882353 0.7879858613014221 0.7130792227204783 0.0 0.0 0.0 292272 175939 
24 0.5928951757494361 0.7250719503444784 0.7271188497543335 0.81145835 0.7882353 0.7879858613014221 0.8745142002989537 0.0 0.0 0.0 281258 175943 
25 0.21396484390522044 0.49252664100597887 0.5034452676773071 0.91041666 0.7882353 0.7809187173843384 0.9022421524663677 0.0 0.0 0.0 287256 176941 
26 0.03881901743200918 0.47463919423958834 0.4884412884712219 0.990625 0.7882353 0.7809187173843384 0.9032884902840059 0.0 0.0 0.0 283269 174944 
27 0.023987990998042125 0.42899255007505416 0.4408629536628723 0.99583334 0.7941176 0.8021201491355896 0.9035874439461883 0.17647058823529416 0.1 0.75 315246 179943 
28 0.02489771453353266 0.46292374519740837 0.4746527373790741 0.996875 0.7941176 0.8056536912918091 0.9025411061285501 0.2028985507246377 0.11666666666666667 0.7777777777777778 280258 171758 
29 0.018972766389682268 0.7748236810350243 0.785470187664032 0.996875 0.7882353 0.7809187173843384 0.9018684603886398 0.0 0.0 0.0 286256 175961 
30 0.01687982559669763 0.5384957350571365 0.5527034401893616 0.99791664 0.7941176 0.7950530052185059 0.902017937219731 0.1212121212121212 0.06666666666666667 0.6666666666666666 279251 173019 
31 0.033798368911569315 0.5268787590786814 0.5361615419387817 0.990625 0.8 0.8056536912918091 0.9056053811659193 0.2028985507246377 0.11666666666666667 0.7777777777777778 290268 179939 
32 0.020241247327066957 1.0253962966120418 1.0205965042114258 0.996875 0.7882353 0.7844523191452026 0.9059790732436472 0.0 0.0 0.0 275273 174943 
33 0.01796004500405009 0.9962402868659839 0.9941887259483337 0.996875 0.7882353 0.7844523191452026 0.9050074738415546 0.0 0.0 0.0 285269 172943 
34 0.0144500129953182 0.9594578727422391 0.9617504477500916 0.99791664 0.7882353 0.7809187173843384 0.9041853512705531 0.0 0.0 0.0 301717 182942 
35 0.012286749546183274 0.89917900580365 0.9040405750274658 0.99791664 0.7882353 0.7809187173843384 0.9049327354260089 0.0 0.0 0.0 276274 177927 
36 0.012224268469920693 1.0339722212705322 1.0328093767166138 0.99791664 0.7882353 0.7844523191452026 0.904559043348281 0.0 0.0 0.0 288269 173947 
37 0.01207741231531448 1.0730766600011574 1.069979190826416 0.99791664 0.7882353 0.7844523191452026 0.904559043348281 0.0 0.0 0.0 266287 349889 
38 0.01205985686586549 1.113283077682204 1.1084645986557007 0.99791664 0.7882353 0.7844523191452026 0.9044843049327355 0.0 0.0 0.0 257277 160661 
39 0.012104573161923326 1.1109119622269645 1.1063659191131592 0.99791664 0.7882353 0.7844523191452026 0.9044095665171898 0.0 0.0 0.0 251261 211928 
2021-01-18 18:07:07 | add fc layer number: 8 fold
epoch train_loss vali_loss test_loss train_acc vali_acc test_acc test_auc test_f1 test_recall test_precision train_time test_time
0 14.947435130427282 0.4937306779272416 0.493898868560791 0.646875 0.7823529 0.7844523191452026 0.876015359621917 0.0 0.0 0.0 743108 200953 
1 0.5274416934029432 1.2413761096842149 1.2461204528808594 0.8041667 0.21764706 0.21554769575595856 0.8912272928666372 0.3546511627906977 1.0 0.21554770318021202 282599 184953 
2 0.27299039997936536 1.2708685580421897 1.2826257944107056 0.8833333 0.7823529 0.7844523191452026 0.8961010190518388 0.0 0.0 0.0 269255 176962 
3 0.4087816812641298 0.3525444055304808 0.37386029958724976 0.8666667 0.8352941 0.8127208352088928 0.8879042977403633 0.2535211267605634 0.14754098360655737 0.9 272259 170963 
4 0.3029904991012107 0.7794278488439672 0.810489296913147 0.92083335 0.7823529 0.7844523191452026 0.8862797223452962 0.0 0.0 0.0 286254 186965 
5 0.5290137617305543 5.491048162123736 5.519482135772705 0.89479166 0.21764706 0.21554769575595856 0.35356668143553394 0.3546511627906977 1.0 0.21554770318021202 277258 170357 
6 0.914362921193242 0.8538597222636728 0.8587409257888794 0.821875 0.7823529 0.7844523191452026 0.8787476000590755 0.0 0.0 0.0 274276 175897 
7 0.23040755401792315 0.4292233184856527 0.4360434412956238 0.92083335 0.7823529 0.7879858613014221 0.8900457834884065 0.03225806451612903 0.01639344262295082 1.0 276255 177955 
8 0.18191306105970095 0.5364944573710947 0.5387274622917175 0.94375 0.7823529 0.7844523191452026 0.8927041795894255 0.0 0.0 0.0 275975 174946 
9 0.334404201933891 0.48035128607469446 0.4828498363494873 0.9135417 0.7823529 0.7844523191452026 0.8837690149165559 0.0 0.0 0.0 276259 170805 
10 0.16311316516366786 0.6392131714259877 0.6552222371101379 0.95 0.7823529 0.7844523191452026 0.8915226702111948 0.0 0.0 0.0 283258 172957 
11 0.35270871642666557 0.45116169066990125 0.4577611982822418 0.8822917 0.7823529 0.7844523191452026 0.8883473637571998 0.0 0.0 0.0 263544 170427 
12 0.15804985749855405 0.47941167424706854 0.48122695088386536 0.96979165 0.7823529 0.7879858613014221 0.8861320336730173 0.03225806451612903 0.01639344262295082 1.0 299251 167964 
13 0.24220495580035883 0.7857421969666201 0.8029103875160217 0.9322917 0.7823529 0.7844523191452026 0.8884212080933392 0.0 0.0 0.0 281253 174957 
14 0.023540455001057125 0.8826381536091075 0.9310434460639954 0.99375 0.7823529 0.7844523191452026 0.8890119627824546 0.0 0.0 0.0 283255 169966 
15 0.010418527113021507 1.6440254113253425 1.669472098350525 0.99895835 0.7823529 0.7844523191452026 0.8884950524294786 0.0 0.0 0.0 274435 169968 
16 0.026324191343155688 1.7421634610961465 1.7679100036621094 0.9916667 0.7823529 0.7844523191452026 0.8901565499926155 0.0 0.0 0.0 280256 166895 
17 0.038100657401567636 0.6831451465101803 0.7337234616279602 0.98854166 0.7882353 0.7844523191452026 0.8913749815389159 0.0 0.0 0.0 269273 170935 
18 0.007182644533410591 0.6569092722500072 0.7116449475288391 0.99895835 0.8 0.7915194630622864 0.8911534485304977 0.06349206349206349 0.03278688524590164 1.0 275278 172927 
19 0.004008613525244679 1.0561181909897748 1.128798484802246 1.0 0.7882353 0.7844523191452026 0.8913749815389159 0.0 0.0 0.0 293266 168944 
20 0.006240851259584209 1.2197210718603695 1.2821433544158936 0.99791664 0.7823529 0.7844523191452026 0.8911165263624279 0.0 0.0 0.0 300263 174949 
21 0.00890767713541815 2.2367258703007415 2.237734079360962 0.99895835 0.7823529 0.7844523191452026 0.8910796041943583 0.0 0.0 0.0 320259 179943 
22 0.03718728677680095 0.34873595991555384 0.3429127037525177 0.98854166 0.85882354 0.869257926940918 0.886796632698272 0.6407766990291263 0.5409836065573771 0.7857142857142857 334343 177013 
23 0.011841098238801352 1.1072248346665325 1.1453193426132202 0.99791664 0.7823529 0.7844523191452026 0.8896027174715699 0.0 0.0 0.0 275254 170963 
24 0.010120002479137231 0.7535702046226053 0.7993875741958618 0.996875 0.80588233 0.7915194630622864 0.8893073401270123 0.06349206349206349 0.03278688524590164 1.0 274261 179955 
25 0.00602144223327438 0.7561539551791023 0.8058305382728577 0.99895835 0.8 0.7915194630622864 0.8891596514547334 0.06349206349206349 0.03278688524590164 1.0 300245 175962 
26 0.013102088476565162 1.0498126871445599 1.1041706800460815 0.99583334 0.7823529 0.7844523191452026 0.8878304534042238 0.0 0.0 0.0 280256 174944 
27 0.006404726996697719 1.1303217137561126 1.1790969371795654 0.99895835 0.7823529 0.7844523191452026 0.8880519864126422 0.0 0.0 0.0 270308 174960 
28 0.016011858130756687 1.0544547950520236 1.0772900581359863 0.996875 0.7823529 0.7844523191452026 0.8910057598582188 0.0 0.0 0.0 286253 176962 
29 0.00961474326801787 1.4921730195774752 1.53928804397583 0.99791664 0.7823529 0.7844523191452026 0.8890119627824545 0.0 0.0 0.0 322239 169958 
30 0.004881226890362692 0.3677775484235848 0.3519825339317322 0.99895835 0.82941175 0.8657243847846985 0.8873873873873873 0.6885245901639344 0.6885245901639344 0.6885245901639344 331655 181898 
31 0.0008177490151259311 1.2092544071814593 1.2697936296463013 1.0 0.7823529 0.7844523191452026 0.8873873873873874 0.0 0.0 0.0 288266 177929 
32 0.00013118746345147276 1.3490377811824574 1.4112303256988525 1.0 0.7823529 0.7844523191452026 0.8874612317235268 0.0 0.0 0.0 273270 178942 
33 8.48698955906002e-05 1.3013843676623176 1.3631566762924194 1.0 0.7823529 0.7844523191452026 0.8870920100428297 0.0 0.0 0.0 281269 178929 
34 6.850618102968534e-05 1.1946055152836967 1.2557214498519897 1.0 0.7941176 0.7915194630622864 0.8870181657066902 0.06349206349206349 0.03278688524590164 1.0 281253 174127 
35 6.007251043532354e-05 1.2559351254911983 1.3181113004684448 1.0 0.7882353 0.7844523191452026 0.8868335548663417 0.0 0.0 0.0 279255 175058 
36 5.0174535044789084e-05 1.2681158479522256 1.3307173252105713 1.0 0.7823529 0.7844523191452026 0.8868704770344115 0.0 0.0 0.0 275964 179959 
37 4.4611405216225344e-05 1.285024441691006 1.3480970859527588 1.0 0.7823529 0.7844523191452026 0.8869443213705509 0.0 0.0 0.0 288271 174959 
38 4.088682577882234e-05 1.1973109203226426 1.2584980726242065 1.0 0.7941176 0.7915194630622864 0.8869812435386206 0.06349206349206349 0.03278688524590164 1.0 276254 167963 
39 3.777703136620403e-05 1.2028156371677623 1.2639786005020142 1.0 0.7941176 0.7915194630622864 0.8869443213705509 0.06349206349206349 0.03278688524590164 1.0 297252 193936 
2021-01-18 18:09:05 | add fc layer number: 9 fold
epoch train_loss vali_loss test_loss train_acc vali_acc test_acc test_auc test_f1 test_recall test_precision train_time test_time
0 12.586880736776221 2.700313388600069 2.5054404735565186 0.67429763 0.7705882 0.7872340679168701 0.7598348348348347 0.0 0.0 0.0 806103 199930 
1 0.7072736831523666 0.46611204743385315 0.4508000314235687 0.76795006 0.7705882 0.7872340679168701 0.8948948948948948 0.0 0.0 0.0 373230 184097 
2 0.3742321612086616 1.3275938833461087 1.3260703086853027 0.85015607 0.24117647 0.21276596188545227 0.8783783783783784 0.3508771929824561 1.0 0.2127659574468085 376223 187954 
3 0.1705315088762143 0.7437342762947082 0.7344779372215271 0.9386056 0.49411765 0.5531914830207825 0.8770270270270271 0.4836065573770491 0.9833333333333333 0.32065217391304346 382223 182959 
4 0.08621354540131607 0.8483535240678226 0.8205369114875793 0.97398543 0.7705882 0.783687949180603 0.8765015015015014 0.0 0.0 0.0 367194 186939 
5 0.05566412102056495 1.8525316364624922 1.7411659955978394 0.97814775 0.7705882 0.7872340679168701 0.8710960960960961 0.0 0.0 0.0 379229 188970 
6 0.1517573010637236 0.48063406874151793 0.48824542760849 0.94068676 0.8 0.8085106611251831 0.8805555555555555 0.24999999999999997 0.15 0.75 369231 171928 
7 0.6382142869761397 0.7132823849425597 0.7260489463806152 0.8844953 0.7764706 0.7978723645210266 0.8783033033033033 0.14925373134328357 0.08333333333333333 0.7142857142857143 369233 190955 
8 0.5158993732890114 0.8228279155843398 0.788751482963562 0.9136316 0.7705882 0.783687949180603 0.8838588588588588 0.0 0.0 0.0 375225 188952 
9 0.5256173570214694 2.8125421355752382 2.618711471557617 0.8896982 0.7705882 0.7872340679168701 0.8695945945945946 0.0 0.0 0.0 376229 186091 
10 0.6423358605136814 1.2568408110562492 1.2016868591308594 0.8574402 0.7705882 0.783687949180603 0.8853603603603604 0.0 0.0 0.0 366422 186228 
11 0.048513994213936866 3.200878777223475 2.9400393962860107 0.9833507 0.7705882 0.7872340679168701 0.8750000000000001 0.0 0.0 0.0 377239 186940 
12 0.37720241962236706 0.723133409724516 0.7143022418022156 0.9011446 0.61764705 0.6631205677986145 0.8962462462462462 0.5497630331753555 0.9666666666666667 0.3841059602649007 365232 185956 
13 0.09046844404935062 0.33985548475209404 0.35935938358306885 0.975026 0.84117645 0.8333333134651184 0.8957957957957958 0.5436893203883496 0.4666666666666667 0.6511627906976745 364230 168963 
14 0.01114135432145757 1.090269331371083 1.057257890701294 0.99791884 0.7705882 0.783687949180603 0.8950450450450451 0.0 0.0 0.0 389224 188952 
15 0.018733639350746303 0.5716096243437598 0.6032722592353821 0.99375653 0.8 0.8085106611251831 0.8948198198198198 0.2285714285714286 0.13333333333333333 0.8 364244 188942 
16 0.009290767075029101 2.392195029819713 2.294853448867798 0.99687827 0.33529413 0.3510638177394867 0.8935435435435435 0.396039603960396 1.0 0.24691358024691357 374227 187952 
17 0.5856579055751138 1.1292679926928353 1.050791621208191 0.842872 0.7705882 0.7872340679168701 0.8763513513513513 0.0 0.0 0.0 365851 183734 
18 0.0674531372422963 0.46818859734955953 0.47355917096138 0.98126954 0.7882353 0.8156028389930725 0.8824324324324324 0.675 0.9 0.54 378227 186956 
19 0.7050635492066687 4.243294306362377 3.2819037437438965 0.6503642 0.7705882 0.7872340679168701 0.5678678678678679 0.0 0.0 0.0 363230 191952 
20 0.7818757808185387 0.6231029552571914 0.6183558702468872 0.7773153 0.7705882 0.7872340679168701 0.7731981981981982 0.0 0.0 0.0 369229 452866 
21 0.47866824812000924 0.6723062185680165 0.671546220779419 0.7908429 0.7705882 0.7872340679168701 0.5090840840840841 0.0 0.0 0.0 347236 162676 
22 0.6457680024043827 0.6174852048649507 0.611993670463562 0.7908429 0.7705882 0.7872340679168701 0.513063063063063 0.0 0.0 0.0 364228 158961 
23 0.5723762387849786 0.554941896831288 0.5416869521141052 0.7908429 0.7705882 0.7872340679168701 0.5087087087087088 0.0 0.0 0.0 381723 163874 
24 0.523002463529559 0.5388284304562737 0.5195654034614563 0.7908429 0.7705882 0.7872340679168701 0.5087087087087088 0.0 0.0 0.0 377223 162877 
25 0.5138775409198328 0.5390932581003974 0.5176321268081665 0.7908429 0.7705882 0.7872340679168701 0.5087087087087088 0.0 0.0 0.0 374238 160899 
26 0.5129963554961376 0.5387277140336878 0.5178454518318176 0.7908429 0.7705882 0.7872340679168701 0.5 0.0 0.0 0.0 377378 161940 
27 0.5126841655941089 0.5394625719855813 0.517604649066925 0.7908429 0.7705882 0.7872340679168701 0.5 0.0 0.0 0.0 363227 157832 
28 0.5126011233300002 0.5402693818597233 0.5177635550498962 0.7908429 0.7705882 0.7872340679168701 0.5043543543543544 0.0 0.0 0.0 361397 158967 
29 0.5127433247856493 0.5401258622898775 0.517721951007843 0.7908429 0.7705882 0.7872340679168701 0.5 0.0 0.0 0.0 352231 159961 
30 0.5128201576226956 0.540079189749325 0.517709493637085 0.7908429 0.7705882 0.7872340679168701 0.5087087087087088 0.0 0.0 0.0 374425 158084 
31 0.5130156868144203 0.5393584069083719 0.5176026225090027 0.7908429 0.7705882 0.7872340679168701 0.5 0.0 0.0 0.0 360265 159949 
32 0.5124889944179001 0.5395985133507673 0.5176157355308533 0.7908429 0.7705882 0.7872340679168701 0.5043543543543544 0.0 0.0 0.0 368224 159949 
33 0.5129435068145627 0.5395322456079371 0.5176093578338623 0.7908429 0.7705882 0.7872340679168701 0.5043543543543544 0.0 0.0 0.0 347232 162961 
34 0.5126576532341315 0.539573982182671 0.5176131129264832 0.7908429 0.7705882 0.7872340679168701 0.5087087087087088 0.0 0.0 0.0 364226 158963 
35 0.512611337013845 0.5400526341269998 0.517702579498291 0.7908429 0.7705882 0.7872340679168701 0.5087087087087088 0.0 0.0 0.0 363228 159966 
36 0.5130046420613387 0.5401398294112262 0.5177258849143982 0.7908429 0.7705882 0.7872340679168701 0.5043543543543544 0.0 0.0 0.0 370699 158964 
37 0.5127275738085966 0.5399715542793274 0.517682671546936 0.7908429 0.7705882 0.7872340679168701 0.5043543543543544 0.0 0.0 0.0 358234 157132 
38 0.5131335369506066 0.5403508459820466 0.5177890658378601 0.7908429 0.7705882 0.7872340679168701 0.5087087087087088 0.0 0.0 0.0 356522 157965 
39 0.5129329429146651 0.540380925991956 0.5177987217903137 0.7908429 0.7705882 0.7872340679168701 0.5 0.0 0.0 0.0 393857 213914 
2021-01-18 18:11:06 | add fc layer number: 10 fold
epoch train_loss vali_loss test_loss train_acc vali_acc test_acc test_auc test_f1 test_recall test_precision train_time test_time
0 9.445705746725963 1.3040595114888514 1.2129082679748535 0.6670135 0.7705882 0.7872340679168701 0.7886636636636636 0.0 0.0 0.0 798090 198947 
1 0.9511567084953377 1.652758455199792 1.5323412418365479 0.7284079 0.7705882 0.7872340679168701 0.7963963963963964 0.0 0.0 0.0 408215 186956 
2 0.4759427693982111 1.0203650054247941 0.960875391960144 0.81373566 0.7705882 0.7872340679168701 0.8762012012012012 0.0 0.0 0.0 400219 175939 
3 0.2312895198673413 1.5346565603990765 1.4348384141921997 0.91259104 0.7705882 0.7872340679168701 0.872972972972973 0.0 0.0 0.0 375548 181958 
4 0.3736638730304276 2.444654781678144 2.420792579650879 0.8792924 0.22941177 0.21631205081939697 0.8857357357357357 0.3519061583577713 1.0 0.21352313167259787 399167 191939 
5 0.23772610586357537 0.6652392976424273 0.6615116000175476 0.9011446 0.7705882 0.783687949180603 0.8875375375375376 0.0 0.0 0.0 394220 188013 
6 0.0692973144610055 0.3844112466363346 0.39834585785865784 0.98126954 0.8 0.8120567202568054 0.8892642642642643 0.273972602739726 0.16666666666666666 0.7692307692307693 359226 182943 
7 1.1437938196666533 1.069215038287289 0.9954559206962585 0.78563994 0.7705882 0.7872340679168701 0.8698948948948949 0.0 0.0 0.0 371837 188563 
8 0.15193574308465224 0.4370104754672331 0.42191237211227417 0.950052 0.7764706 0.8014184236526489 0.8888138138138137 0.15151515151515152 0.08333333333333333 0.8333333333333334 374240 185938 
9 0.023654034843016127 0.5974958872093874 0.582729160785675 0.99375653 0.7705882 0.7872340679168701 0.8900900900900901 0.03225806451612903 0.016666666666666666 0.5 376241 169929 
10 0.15963641768292322 0.6295902606318978 0.609081506729126 0.9354839 0.7705882 0.7801418304443359 0.8878378378378378 0.0 0.0 0.0 364892 187960 
11 0.02712599642012214 0.9399541269111282 0.9042115807533264 0.9958377 0.7705882 0.7801418304443359 0.8879129129129129 0.0 0.0 0.0 375224 186954 
12 0.003735119105416578 1.6359856985591572 1.5296894311904907 0.9989594 0.7705882 0.7872340679168701 0.8868618618618618 0.0 0.0 0.0 372226 189941 
13 0.013616267043617956 1.5218736865749474 1.427873969078064 0.99687827 0.7705882 0.7872340679168701 0.8839339339339339 0.0 0.0 0.0 368035 185347 
14 0.08293864132833312 0.8588847691521925 0.882487952709198 0.9760666 0.7705882 0.7765957713127136 0.8900900900900901 0.0 0.0 0.0 406321 197027 
15 0.03934371646561027 0.3937270125922035 0.48186060786247253 0.98959416 0.8352941 0.8404255509376526 0.887987987987988 0.48275862068965514 0.35 0.7777777777777778 377242 190938 
16 0.3858911094612381 0.4050443544107325 0.40978723764419556 0.90010405 0.7882353 0.7978723645210266 0.8914414414414416 0.1739130434782609 0.1 0.6666666666666666 388223 166947 
17 0.028143333269631574 1.4503032238332225 1.385481834411621 0.9927159 0.7705882 0.783687949180603 0.8867867867867867 0.0 0.0 0.0 378227 190955 
18 0.10702161627472015 1.202481184691629 1.1826823949813843 0.975026 0.7705882 0.7801418304443359 0.880930930930931 0.0 0.0 0.0 385222 191952 
19 0.45332157245198473 1.2935337950201595 1.2804087400436401 0.85015607 0.22941177 0.21276596188545227 0.8052552552552553 0.3508771929824561 1.0 0.2127659574468085 363230 192603 
20 0.3788260022385684 0.6536226945764878 0.6515561938285828 0.84703434 0.7705882 0.7872340679168701 0.7704954954954955 0.0 0.0 0.0 403234 201960 
21 0.3957112620077818 0.7805639386177063 0.7853280901908875 0.8231009 0.22941177 0.21276596188545227 0.5067567567567568 0.3508771929824561 1.0 0.2127659574468085 399221 190935 
22 0.6732330999562941 0.6529542915961322 0.6502885222434998 0.56815815 0.7705882 0.7872340679168701 0.49324324324324326 0.0 0.0 0.0 383223 202947 
23 0.41171811664482805 0.8777046435019549 0.8208286166191101 0.7908429 0.7705882 0.7872340679168701 0.8942192192192192 0.0 0.0 0.0 372226 179956 
24 0.3800774065314421 0.6509680032730103 0.6481622457504272 0.7908429 0.7705882 0.7872340679168701 0.4919294294294294 0.0 0.0 0.0 406236 217911 
25 0.6160791679425989 0.5937856127234066 0.5860210061073303 0.7908429 0.7705882 0.7872340679168701 0.49324324324324326 0.0 0.0 0.0 367229 186942 
26 0.553627942187729 0.5494162811952479 0.5349212884902954 0.7908429 0.7705882 0.7872340679168701 0.4874249249249249 0.0 0.0 0.0 389251 194923 
27 0.5198370017630749 0.5388488979900584 0.5196310877799988 0.7908429 0.7705882 0.7872340679168701 0.4990615615615615 0.0 0.0 0.0 373221 189952 
28 0.5129386719537203 0.5389827693209929 0.5176669359207153 0.7908429 0.7705882 0.7872340679168701 0.4874249249249249 0.0 0.0 0.0 386225 173288 
29 0.5122715933296856 0.5392520231359145 0.5176089406013489 0.7908429 0.7705882 0.7872340679168701 0.4874249249249249 0.0 0.0 0.0 369252 193929 
30 0.5123951587822138 0.5394042730331421 0.5176042318344116 0.7908429 0.7705882 0.7872340679168701 0.49324324324324326 0.0 0.0 0.0 375221 189165 
31 0.5121649192814772 0.5398205161094666 0.5176517367362976 0.7908429 0.7705882 0.7872340679168701 0.4990615615615615 0.0 0.0 0.0 366232 192934 
32 0.5121368546887813 0.5398588937871597 0.5176592469215393 0.7908429 0.7705882 0.7872340679168701 0.4990615615615615 0.0 0.0 0.0 366225 186953 
33 0.5119133796639794 0.5392038120942957 0.5176138877868652 0.7908429 0.7705882 0.7872340679168701 0.49324324324324326 0.0 0.0 0.0 373243 195067 
34 0.5120499459687431 0.5397260778090534 0.5176348686218262 0.7908429 0.7705882 0.7872340679168701 0.4874249249249249 0.0 0.0 0.0 369978 187938 
35 0.5119988432039704 0.5398070307338939 0.5176490545272827 0.7908429 0.7705882 0.7872340679168701 0.4874249249249249 0.0 0.0 0.0 388219 171959 
36 0.5123736635703326 0.5397181027075824 0.5176336169242859 0.7908429 0.7705882 0.7872340679168701 0.4874249249249249 0.0 0.0 0.0 387237 194940 
37 0.512176408185299 0.5396334732280058 0.5176215171813965 0.7908429 0.7705882 0.7872340679168701 0.49324324324324326 0.0 0.0 0.0 379370 186980 
38 0.512103875627999 0.5398178261869094 0.5176512002944946 0.7908429 0.7705882 0.7872340679168701 0.4990615615615615 0.0 0.0 0.0 372242 191925 
39 0.5123646445533612 0.5397515030468212 0.5176392197608948 0.7908429 0.7705882 0.7872340679168701 0.4874249249249249 0.0 0.0 0.0 367240 174941 
