2021-01-18 18:16:42 | add fc layer number: 6 fold
epoch train_loss vali_loss test_loss train_acc vali_acc test_acc test_auc test_f1 test_recall test_precision train_time test_time
0 14.123098890022568 0.6564814076704137 0.706228494644165 0.66770834 0.8 0.7844523191452026 0.5477034411460642 0.0 0.0 0.0 401090 197938 
1 0.7456325500582656 0.5038436658242169 0.5320809483528137 0.7114583 0.8 0.7844523191452026 0.5558263181214 0.0 0.0 0.0 304270 162928 
2 0.636785283316082 1.0218800928662806 1.0953372716903687 0.7583333 0.8 0.7844523191452026 0.5519125683060109 0.0 0.0 0.0 300265 159940 
3 0.2664529927074909 0.7041233890196856 0.7460657954216003 0.88645834 0.8 0.7844523191452026 0.5451188893811845 0.0 0.0 0.0 309274 158930 
4 0.23860959503799678 0.5240028539124657 0.5562959909439087 0.90416664 0.7941176 0.7773851752281189 0.5457096440702998 0.0 0.0 0.0 333443 165408 
5 0.07422430297980706 0.904076505057952 0.9676977396011353 0.98229164 0.8 0.7773851752281189 0.542903559297002 0.0 0.0 0.0 310757 159940 
6 0.02552389307723691 1.1695985790999497 1.2571406364440918 0.99583334 0.8 0.7773851752281189 0.5402451631959828 0.0 0.0 0.0 328573 164946 
7 0.6129408788319173 1.2510780502768124 1.2437392473220825 0.8875 0.2 0.21554769575595856 0.5502141485748043 0.3546511627906977 1.0 0.21554770318021202 306263 160365 
8 0.43095453456044197 0.6579211249071009 0.6996676921844482 0.84479165 0.8 0.7844523191452026 0.550509525919362 0.0 0.0 0.0 356243 177950 
9 0.12991527995327487 1.3411608690286383 1.4451348781585693 0.965625 0.8 0.7844523191452026 0.5395067198345886 0.0 0.0 0.0 363246 164929 
10 0.40861457044848065 0.5816580807461458 0.6237267255783081 0.85625 0.8 0.7844523191452026 0.5134396691773739 0.0 0.0 0.0 319256 167946 
11 0.2996044287273738 0.5192806173773373 0.5483217239379883 0.90520835 0.8 0.7844523191452026 0.5296115787919067 0.0 0.0 0.0 307247 161363 
12 0.3873710293322802 0.7185761886484483 0.7324455976486206 0.8510417 0.46470588 0.434628963470459 0.5244424752621474 0.3333333333333333 0.6557377049180327 0.22346368715083798 302692 162947 
13 0.2559868279262446 0.6075036392492407 0.6096917986869812 0.9010417 0.7941176 0.7773851752281189 0.5664599025254763 0.0 0.0 0.0 322329 164317 
14 0.4228181111315886 0.519077413222369 0.5485255122184753 0.8385417 0.8 0.7844523191452026 0.5320484418845075 0.0 0.0 0.0 353430 165962 
15 0.2119650990391771 0.6934259456746719 0.7168586254119873 0.92291665 0.5647059 0.5335689187049866 0.533746861615714 0.3125 0.4918032786885246 0.22900763358778625 307259 160040 
16 0.09938707766511166 0.5646435527240529 0.5913147330284119 0.96875 0.7882353 0.7667844295501709 0.5455619553980209 0.0 0.0 0.0 298249 162964 
17 0.05689319816398589 0.7347820660647224 0.7472522854804993 0.9791667 0.5647059 0.5512367486953735 0.5434204696499778 0.29834254143646405 0.4426229508196721 0.225 300247 162961 
18 0.03751195194587732 1.0109646965475643 0.9985472559928894 0.990625 0.42352942 0.416961133480072 0.5347068379855265 0.33734939759036137 0.6885245901639344 0.22340425531914893 304258 162940 
19 0.054456609419867165 0.6323703814955318 0.6612690687179565 0.98541665 0.7647059 0.7667844295501709 0.5447496677004874 0.10810810810810811 0.06557377049180328 0.3076923076923077 301447 163687 
20 0.016075774570344946 0.9070043879396775 0.9833099842071533 0.996875 0.7941176 0.7773851752281189 0.543789691330675 0.0 0.0 0.0 308259 157952 
21 0.45284292674332394 0.5328700984225554 0.5650575160980225 0.8666667 0.8 0.7844523191452026 0.5276177817161424 0.0 0.0 0.0 297261 161951 
22 0.430198235809803 0.5063984941033756 0.5330514311790466 0.78541666 0.8 0.7844523191452026 0.5279870033968395 0.0 0.0 0.0 307779 165695 
23 0.2384271491318941 0.580764743159799 0.6223655939102173 0.903125 0.8 0.7773851752281189 0.5338945502879929 0.0 0.0 0.0 303247 164947 
24 0.10570865472157796 0.7195081184892094 0.7753711342811584 0.996875 0.8 0.7773851752281189 0.5344853049771082 0.0 0.0 0.0 301251 159134 
25 0.058895411621779206 0.7063067951623131 0.7628182172775269 0.99791664 0.8 0.7773851752281189 0.5348545266578053 0.0 0.0 0.0 302250 160948 
26 0.03571106190793216 0.944155787545092 1.0246553421020508 0.99791664 0.8 0.7773851752281189 0.5370698567419879 0.0 0.0 0.0 296247 165949 
27 0.02628936314334472 0.8670599199393216 0.9415984153747559 0.99791664 0.8 0.7773851752281189 0.5354452813469207 0.0 0.0 0.0 297088 164120 
28 0.016178688374930063 0.8767756605849547 0.9540215730667114 0.99895835 0.8 0.7773851752281189 0.5364791020528725 0.0 0.0 0.0 307050 161103 
29 0.013693699582169453 0.8483628732316634 0.9243476986885071 0.99895835 0.8 0.7773851752281189 0.5372913897504061 0.0 0.0 0.0 298262 165945 
30 0.011436734009960977 1.155645354267429 1.2583367824554443 0.99895835 0.8 0.7773851752281189 0.5373283119184759 0.0 0.0 0.0 307245 162337 
31 0.011024921591160818 0.8758843208060545 0.9555341601371765 0.99895835 0.8 0.7773851752281189 0.5376606114311032 0.0 0.0 0.0 299248 163964 
32 0.010315968708406823 1.05364142875461 1.1501529216766357 0.99895835 0.8 0.7773851752281189 0.5376606114311033 0.0 0.0 0.0 300272 160253 
33 0.008583981735864655 1.079362246043542 1.1784107685089111 0.99895835 0.8 0.7773851752281189 0.5389898094816128 0.0 0.0 0.0 296844 160880 
34 0.013086127986510595 1.3124952944762567 1.430140495300293 0.99791664 0.8 0.7773851752281189 0.5383990547924974 0.0 0.0 0.0 299247 164949 
35 0.011069675606753057 1.1149821914294187 1.2165744304656982 0.996875 0.8 0.7773851752281189 0.5395805641707281 0.0 0.0 0.0 298284 165951 
36 0.014108043702920743 0.7522794905830832 0.8141389489173889 0.99791664 0.7941176 0.7773851752281189 0.5392851868261703 0.0 0.0 0.0 292249 163850 
37 0.011355497265079369 1.1254719909499673 1.2260246276855469 0.99791664 0.8 0.7773851752281189 0.5414266725742136 0.0 0.0 0.0 294254 158962 
38 0.021034622996921826 0.6662671804428101 0.7104871273040771 0.9947917 0.7823529 0.7703180313110352 0.5398020971791464 0.0 0.0 0.0 304250 159948 
39 0.014585509394237306 0.6490957491538104 0.6799188256263733 0.99791664 0.7705882 0.7561837434768677 0.5406143848766799 0.08000000000000002 0.04918032786885246 0.21428571428571427 300409 204934 
2021-01-18 18:18:37 | add fc layer number: 7 fold
epoch train_loss vali_loss test_loss train_acc vali_acc test_acc test_auc test_f1 test_recall test_precision train_time test_time
0 23.063721031943956 0.9893105780377107 0.9976739883422852 0.6333333 0.7882353 0.7879858613014221 0.48991031390134526 0.0 0.0 0.0 833147 181958 
1 1.7567962696154913 2.511145734786987 2.5302059650421143 0.68125 0.7882353 0.7879858613014221 0.5008968609865471 0.0 0.0 0.0 307245 163964 
2 1.1215544892843885 0.6959212864146513 0.7292231321334839 0.75208336 0.7882353 0.7879858613014221 0.4705904334828102 0.0 0.0 0.0 308245 164948 
3 0.1889556585190197 1.4304170566446641 1.4904767274856567 0.928125 0.7882353 0.7879858613014221 0.4697309417040359 0.0 0.0 0.0 315244 164185 
4 0.3003030075225979 0.7679205207263722 0.8306917548179626 0.9125 0.7941176 0.7844523191452026 0.4694319880418535 0.0 0.0 0.0 298246 163596 
5 0.06229175176316251 1.3897309443529915 1.4775713682174683 0.98541665 0.7941176 0.7844523191452026 0.46681614349775785 0.0 0.0 0.0 310055 161223 
6 0.23031517221970715 1.348978809749379 1.439018964767456 0.903125 0.7941176 0.7844523191452026 0.4685351270553064 0.0 0.0 0.0 298464 164527 
7 0.4281099153209652 0.5242289213573231 0.5807538628578186 0.89270836 0.7823529 0.7455830574035645 0.48153961136023915 0.07692307692307691 0.05 0.16666666666666666 313245 166959 
8 0.23548341733888567 0.4984362679369309 0.5378703474998474 0.921875 0.7941176 0.7844523191452026 0.47630792227204777 0.0 0.0 0.0 308257 159948 
9 1.4369650373790743 0.7059967889505274 0.7371661067008972 0.8822917 0.49411765 0.416961133480072 0.46427503736920783 0.2978723404255319 0.5833333333333334 0.2 301250 163947 
10 0.5182164072418042 0.7387062086778529 0.7817103266716003 0.8489583 0.7882353 0.7844523191452026 0.47257100149476833 0.0 0.0 0.0 303248 160739 
11 0.11338376831748367 0.9195512287756976 1.0127921104431152 0.9604167 0.7941176 0.7809187173843384 0.47458893871449925 0.0 0.0 0.0 305987 163795 
12 0.04794323298895809 1.3673020320780136 1.422059416770935 0.98645836 0.7941176 0.7879858613014221 0.4742152466367713 0.0 0.0 0.0 302247 162964 
13 0.8357592654569695 1.6405733010348151 1.6505193710327148 0.8541667 0.7882353 0.7879858613014221 0.4967488789237668 0.0 0.0 0.0 301210 160453 
14 0.38839108708004155 0.4991135881227605 0.5325334668159485 0.8697917 0.7941176 0.7844523191452026 0.46136023916292973 0.0 0.0 0.0 301121 165906 
15 0.11456605474619816 0.6107494648765115 0.7121432423591614 0.9604167 0.7941176 0.7809187173843384 0.4688340807174888 0.0 0.0 0.0 355232 169958 
16 0.005635674274526536 1.1283342712065754 1.2524440288543701 1.0 0.7941176 0.7844523191452026 0.46136023916292973 0.0 0.0 0.0 310244 165948 
17 0.0350426763635672 1.4954072938245886 1.5779892206192017 0.9916667 0.7941176 0.7844523191452026 0.4589312406576981 0.0 0.0 0.0 303248 162964 
18 0.010936324075252439 0.5612808904227089 0.710727334022522 0.996875 0.7764706 0.7455830574035645 0.47197309417040356 0.1 0.06666666666666667 0.2 336858 172959 
19 0.5363167209429472 4.140416818506577 4.266631126403809 0.90416664 0.22352941 0.21201413869857788 0.4760837070254111 0.34985422740524785 1.0 0.21201413427561838 297249 165945 
20 0.9300588897118965 0.6314653130138621 0.6442702412605286 0.8020833 0.7882353 0.7879858613014221 0.47787742899850527 0.0 0.0 0.0 299246 166947 
21 0.19440041876708467 0.6451969749787274 0.7014784216880798 0.93854165 0.7941176 0.7844523191452026 0.47354260089686095 0.0 0.0 0.0 340234 171953 
22 0.03169975886121392 0.6805084775475895 0.7707973122596741 0.99583334 0.7941176 0.7844523191452026 0.4763079222720479 0.0 0.0 0.0 310244 165960 
23 0.028799163899384438 1.2595842080957749 1.3417612314224243 0.99583334 0.7941176 0.7844523191452026 0.4730941704035874 0.0 0.0 0.0 302195 164009 
24 0.019661189967882818 1.1053172981037813 1.1926575899124146 0.996875 0.7941176 0.7844523191452026 0.4712257100149477 0.0 0.0 0.0 293249 163959 
25 0.007299725781194866 0.5311080238398384 0.6724426746368408 1.0 0.7705882 0.7385159134864807 0.47615844544095665 0.075 0.05 0.15 299247 163949 
26 0.042178499936320196 1.0990213085623348 1.1747053861618042 0.98854166 0.7941176 0.7844523191452026 0.4772047832585949 0.0 0.0 0.0 322274 164125 
27 0.020919115706540956 0.7921711304608513 0.899806559085846 0.996875 0.7941176 0.7844523191452026 0.48572496263079223 0.0 0.0 0.0 296248 165961 
28 0.016112398869396808 1.344826992820291 1.4210047721862793 0.996875 0.7941176 0.7844523191452026 0.4794469357249626 0.0 0.0 0.0 294248 164212 
29 0.013619714557232024 1.1485450856825885 1.2457470893859863 0.996875 0.7941176 0.7844523191452026 0.4795216741405082 0.0 0.0 0.0 301263 164948 
30 0.00612602828866026 0.6716159729396596 0.8155235648155212 0.99895835 0.7882353 0.7703180313110352 0.48467862481315394 0.0 0.0 0.0 316257 164944 
31 0.005196817576264342 1.8939505717333625 1.9722421169281006 0.99895835 0.7941176 0.7844523191452026 0.47514947683109116 0.0 0.0 0.0 299248 158404 
32 0.2874402497029223 0.6905266593484317 0.7362871766090393 0.90520835 0.5235294 0.4911660850048065 0.4891629297458894 0.2727272727272727 0.45 0.1956521739130435 308263 162302 
33 0.053657183144241574 0.6788495154941783 0.7780149579048157 0.98854166 0.7941176 0.7809187173843384 0.48714499252615845 0.0 0.0 0.0 297642 164918 
34 0.009348455464229724 1.1269764135865603 1.2445846796035767 0.99791664 0.7941176 0.7844523191452026 0.48744394618834075 0.0 0.0 0.0 353232 167948 
35 0.008582195626028502 1.8005377390805413 1.9011955261230469 0.996875 0.7941176 0.7844523191452026 0.48774289985052316 0.0 0.0 0.0 303265 163574 
36 0.02278187044982284 1.697489735659431 1.7994709014892578 0.99583334 0.7941176 0.7844523191452026 0.48041853512705535 0.0 0.0 0.0 332656 166953 
37 0.010914582444638655 0.6053783451809602 0.7787959575653076 0.99583334 0.7176471 0.6925795078277588 0.4947683109118087 0.2018348623853211 0.18333333333333332 0.22448979591836735 291262 163948 
38 0.022425992402168048 0.7777995179681217 0.9274253249168396 0.9947917 0.7882353 0.7667844295501709 0.49596412556053804 0.0 0.0 0.0 311244 163963 
39 0.016252365129124275 0.5849767888293547 0.7496759295463562 0.996875 0.7588235 0.7279151678085327 0.4899103139013453 0.1348314606741573 0.1 0.20689655172413793 301248 175945 
2021-01-18 18:20:32 | add fc layer number: 8 fold
epoch train_loss vali_loss test_loss train_acc vali_acc test_acc test_auc test_f1 test_recall test_precision train_time test_time
0 25.619985846678414 0.5500571247409372 0.5367820858955383 0.65833336 0.7823529 0.7879858613014221 0.5073991031390135 0.0 0.0 0.0 671988 185952 
1 2.715065636137594 0.5460723771768458 0.5372706055641174 0.67291665 0.7823529 0.7879858613014221 0.5502989536621824 0.0 0.0 0.0 300264 165561 
2 0.8014725760867198 0.8178500806584078 0.798731803894043 0.7572917 0.7823529 0.7879858613014221 0.5315396113602391 0.0 0.0 0.0 323254 162843 
3 0.9112669014728454 0.534657367888619 0.5353373885154724 0.76875 0.7823529 0.7879858613014221 0.4977578475336323 0.0 0.0 0.0 319240 162354 
4 0.17900507636368274 0.5901291538687313 0.6004143953323364 0.93958336 0.7882353 0.7879858613014221 0.4998505231689088 0.0 0.0 0.0 328236 161963 
5 0.1320831815712154 0.9676737592500799 0.9791305065155029 0.95729166 0.7882353 0.7879858613014221 0.5000747384155456 0.0 0.0 0.0 304298 163961 
6 0.05143393273853387 0.8418324817629421 0.8632078766822815 0.9875 0.7882353 0.7879858613014221 0.48916292974588943 0.0 0.0 0.0 305250 161860 
7 0.11284748943289742 0.8652201151146608 0.8762564659118652 0.9760417 0.7882353 0.7879858613014221 0.4912556053811659 0.0 0.0 0.0 312256 329894 
8 0.17233225792491189 1.1876954562523785 1.1975817680358887 0.93645835 0.7882353 0.7879858613014221 0.4897608370702542 0.0 0.0 0.0 320300 163946 
9 0.22286613642548522 2.184023545770084 2.16585636138916 0.92291665 0.7823529 0.7879858613014221 0.5003363228699551 0.0 0.0 0.0 355656 170945 
10 0.06788713105779606 1.5976012650658102 1.6630229949951172 0.978125 0.30588236 0.27561837434768677 0.48770553064275035 0.3408360128617363 0.8833333333333333 0.21115537848605578 305262 162947 
11 0.1112021559295196 0.714243572249132 0.7619969844818115 0.9583333 0.5882353 0.6113074421882629 0.49058295964125564 0.2857142857142857 0.36666666666666664 0.23404255319148937 302338 159580 
12 0.039480055457632564 1.1119747978799484 1.1325181722640991 0.990625 0.7882353 0.7879858613014221 0.48811659192825113 0.0 0.0 0.0 335250 159953 
13 0.09327689703398695 0.7208575865801643 0.7529150247573853 0.9739583 0.7882353 0.7773851752281189 0.47735426008968607 0.0 0.0 0.0 328237 176957 
14 0.04821122020057374 0.687081308224622 0.7538772821426392 0.98541665 0.58235294 0.5759717226028442 0.4833333333333333 0.26829268292682923 0.36666666666666664 0.21153846153846154 307821 157621 
15 0.2773332599472875 3.9751938904032986 3.2703070640563965 0.93125 0.7823529 0.7879858613014221 0.5380418535127055 0.0 0.0 0.0 326139 163950 
16 0.33558207014575603 0.5538045700858621 0.5773690938949585 0.925 0.7588235 0.7561837434768677 0.5106128550074739 0.0 0.0 0.0 314241 159965 
17 0.5010631311723652 0.840934822138618 0.8719843029975891 0.86041665 0.37058824 0.31448763608932495 0.4923766816143498 0.3356164383561644 0.8166666666666667 0.21120689655172414 300246 163963 
18 0.7378742184664588 0.8341873063760645 0.8425219655036926 0.81041664 0.21764706 0.21908126771450043 0.5260837070254111 0.34808259587020646 0.9833333333333333 0.2114695340501792 309247 161491 
19 0.21362088924894732 0.7451485879280988 0.746714174747467 0.928125 0.7882353 0.7879858613014221 0.5226457399103139 0.0 0.0 0.0 297249 164960 
20 0.04410359545145184 0.7320878747631522 0.7435663938522339 0.9927083 0.7882353 0.7879858613014221 0.5224962630792227 0.0 0.0 0.0 291862 160374 
21 0.01430540751122559 1.1856286806218765 1.1907771825790405 0.99791664 0.7882353 0.7879858613014221 0.5221973094170403 0.0 0.0 0.0 341234 171945 
22 0.008271291174848254 0.9880471317207112 0.998224675655365 0.99895835 0.7882353 0.7879858613014221 0.520627802690583 0.0 0.0 0.0 290424 159952 
23 0.011896673492932072 1.2504317493999706 1.257474422454834 0.99791664 0.7882353 0.7879858613014221 0.5208520179372198 0.0 0.0 0.0 306244 159966 
24 0.012429381078254665 0.6563308403772466 0.6722528338432312 0.996875 0.7882353 0.7809187173843384 0.5230194319880419 0.0 0.0 0.0 310243 162963 
25 0.009414805943379179 1.3045340678271125 1.3086192607879639 0.99895835 0.7882353 0.7879858613014221 0.5268310911808669 0.0 0.0 0.0 311244 160962 
26 0.006387881450427813 1.8865335794056164 1.8894250392913818 0.99895835 0.7882353 0.7879858613014221 0.5226831091180867 0.0 0.0 0.0 308243 164947 
27 0.11746874160792989 0.8141269943293403 0.8199825286865234 0.9760417 0.7882353 0.7879858613014221 0.5168908819133035 0.0 0.0 0.0 303250 159949 
28 0.04747105758093918 1.137900898737066 1.1376687288284302 0.98645836 0.7882353 0.7879858613014221 0.512780269058296 0.0 0.0 0.0 295246 163962 
29 0.004125322254064183 1.2604484207489912 1.260265588760376 0.99895835 0.7882353 0.7879858613014221 0.5123318385650224 0.0 0.0 0.0 340235 159600 
30 0.0007980299046418319 1.294838749661165 1.2942728996276855 1.0 0.7882353 0.7879858613014221 0.5122571001494768 0.0 0.0 0.0 310247 159962 
31 0.000476879588192484 1.3284691544140086 1.3275226354599 1.0 0.7882353 0.7879858613014221 0.5130044843049327 0.0 0.0 0.0 313246 165946 
32 0.0003448398204151696 1.407336870361777 1.4060041904449463 1.0 0.7882353 0.7879858613014221 0.5134902840059791 0.0 0.0 0.0 344237 175957 
33 0.0002620490688665692 1.4805648775661693 1.4789398908615112 1.0 0.7882353 0.7879858613014221 0.5139760837070254 0.0 0.0 0.0 307167 160952 
34 0.000214114220943884 1.4815206422525293 1.478743553161621 1.0 0.7882353 0.7879858613014221 0.513340807174888 0.0 0.0 0.0 358181 170959 
35 0.0001668786342634121 1.516504742117489 1.513475775718689 1.0 0.7882353 0.7879858613014221 0.5132660687593423 0.0 0.0 0.0 311271 160951 
36 0.000140021181020226 1.5832884360762203 1.5801295042037964 1.0 0.7882353 0.7879858613014221 0.5134902840059791 0.0 0.0 0.0 291250 164961 
37 0.00012396030597301434 1.5682398746995365 1.5649856328964233 1.0 0.7882353 0.7879858613014221 0.5132286995515696 0.0 0.0 0.0 308248 158962 
38 0.00010485221009730595 1.572550190897549 1.5698497295379639 1.0 0.7882353 0.7879858613014221 0.5132286995515695 0.0 0.0 0.0 302246 157950 
39 9.093898564363675e-05 1.5988369815489825 1.5962636470794678 1.0 0.7882353 0.7879858613014221 0.513153961136024 0.0 0.0 0.0 319245 214931 
2021-01-18 18:22:34 | add fc layer number: 9 fold
epoch train_loss vali_loss test_loss train_acc vali_acc test_acc test_auc test_f1 test_recall test_precision train_time test_time
0 11.150827604296127 1.1125451165087084 1.1507881879806519 0.6680541 0.7941176 0.7872340679168701 0.48832582582582584 0.0 0.0 0.0 853085 193014 
1 0.6994890967591372 1.3762248396873473 1.4294732809066772 0.72632676 0.7941176 0.7872340679168701 0.5028528528528529 0.0 0.0 0.0 430209 191952 
2 0.8488486348094106 0.6938819702933816 0.7227745056152344 0.73881376 0.7941176 0.7872340679168701 0.477102102102102 0.0 0.0 0.0 418212 187966 
3 0.21531257407040055 1.227107908445246 1.2820663452148438 0.91987514 0.7941176 0.7872340679168701 0.5039039039039039 0.0 0.0 0.0 442220 192941 
4 0.6722293505532343 0.5331456149325652 0.5508255958557129 0.81685746 0.8 0.7801418304443359 0.5063063063063062 0.0 0.0 0.0 442203 200696 
5 0.11731847279494809 1.5381973722401787 1.6118024587631226 0.9667013 0.7941176 0.783687949180603 0.5286786786786787 0.0 0.0 0.0 424921 190956 
6 0.13979292417509126 0.7202892131665174 0.7748537659645081 0.9594173 0.8 0.7801418304443359 0.5337087087087087 0.0 0.0 0.0 408694 188439 
7 0.022515445911055313 0.9426021141164443 0.944591760635376 0.99687827 0.5235294 0.5070921778678894 0.5449699699699699 0.3474178403755869 0.6166666666666667 0.24183006535947713 417576 191451 
8 0.5218176288572872 1.9465511616538553 2.0091612339019775 0.91883457 0.7941176 0.7872340679168701 0.5363738738738739 0.0 0.0 0.0 412213 176962 
9 0.625576121711272 2.5225718161639046 2.5098724365234375 0.7908429 0.20588236 0.21276596188545227 0.5332582582582582 0.3508771929824561 1.0 0.2127659574468085 417213 189958 
10 0.30155785207546526 0.7530937755809111 0.7814998626708984 0.9209157 0.7941176 0.7872340679168701 0.5458708708708708 0.0 0.0 0.0 424209 191954 
11 0.07994710970594879 1.4689359398449169 1.553234338760376 0.9791883 0.7941176 0.7801418304443359 0.5402402402402402 0.0 0.0 0.0 422161 187473 
12 0.5553890343943383 4.565102450987872 3.2819039821624756 0.8251821 0.7941176 0.7872340679168701 0.5 0.0 0.0 0.0 470194 197938 
13 0.9405733013717491 0.5103627408252043 0.520279586315155 0.76378775 0.7941176 0.7872340679168701 0.5333333333333333 0.0 0.0 0.0 424213 192949 
14 0.37366829648939553 0.6390619838938993 0.6618993878364563 0.8272633 0.8 0.7872340679168701 0.548048048048048 0.0 0.0 0.0 413223 190939 
15 0.08049800252381026 0.6024590657037847 0.5985645055770874 0.9823101 0.6882353 0.7092198729515076 0.5487987987987988 0.14583333333333334 0.11666666666666667 0.19444444444444445 415550 192928 
16 0.6254950084807845 0.5077358603477478 0.5158800482749939 0.7741935 0.7941176 0.7872340679168701 0.5614114114114114 0.0 0.0 0.0 421880 184957 
17 0.2583982340960485 0.6334674919352812 0.6430668234825134 0.89594173 0.8 0.783687949180603 0.5677927927927927 0.0 0.0 0.0 404209 193802 
18 0.09118750679396814 1.0173161205123453 1.0374902486801147 0.9947971 0.8 0.7801418304443359 0.5674924924924925 0.0 0.0 0.0 415211 191560 
19 0.04674813685058999 1.188907419232761 1.2168477773666382 0.99791884 0.8 0.7801418304443359 0.5673423423423424 0.0 0.0 0.0 427172 190958 
20 0.060668942762295786 1.0993264100130866 1.1225708723068237 0.9833507 0.8 0.7801418304443359 0.5672672672672673 0.0 0.0 0.0 415205 194952 
21 0.01911900957501559 1.8882848914931802 1.9520759582519531 0.99791884 0.8 0.783687949180603 0.5683183183183182 0.0 0.0 0.0 413214 172946 
22 0.024217639215344818 1.6934718714040868 1.7414051294326782 0.99687827 0.8 0.7801418304443359 0.5683183183183182 0.0 0.0 0.0 413213 187619 
23 0.02046803424721349 0.7942902614088619 0.6969216465950012 0.99375653 0.62941176 0.673758864402771 0.569894894894895 0.2698412698412698 0.2833333333333333 0.25757575757575757 400659 192578 
24 0.029050327485616725 0.7537468566614038 0.7254554033279419 0.9958377 0.7764706 0.7730496525764465 0.5689939939939939 0.08571428571428572 0.05 0.3 415211 186498 
25 0.008863771937082016 1.6580058771021227 1.705905556678772 0.9989594 0.8 0.7801418304443359 0.5709459459459459 0.0 0.0 0.0 446287 203679 
26 0.008096067778965491 1.5293140705894022 1.5758895874023438 0.9989594 0.8 0.7801418304443359 0.5708708708708709 0.0 0.0 0.0 415037 193049 
27 0.007716830308322216 1.6459283653427572 1.6956357955932617 0.9989594 0.8 0.7801418304443359 0.5707207207207208 0.0 0.0 0.0 423272 193743 
28 0.007461978231863833 1.5388147557483 1.5870506763458252 0.9989594 0.8 0.7801418304443359 0.5704954954954956 0.0 0.0 0.0 413599 196263 
29 0.00726674210880472 1.651359480268815 1.702409029006958 0.9989594 0.8 0.7801418304443359 0.5707207207207208 0.0 0.0 0.0 405213 358900 
30 0.00709276753443341 1.7276576483950896 1.7808163166046143 0.9989594 0.8 0.7801418304443359 0.5707957957957959 0.0 0.0 0.0 415210 163960 
31 0.007007667383917536 1.5481417866314158 1.598177194595337 0.9989594 0.8 0.7801418304443359 0.5703453453453454 0.0 0.0 0.0 404213 156963 
32 0.006921039221655194 1.6680213170893052 1.7205153703689575 0.9989594 0.8 0.7801418304443359 0.5707207207207208 0.0 0.0 0.0 400214 161509 
33 0.006835387706355793 1.7266051194247078 1.780643343925476 0.9989594 0.8 0.7801418304443359 0.571096096096096 0.0 0.0 0.0 398215 163966 
34 0.006788597627977563 1.7186953825109146 1.772813320159912 0.9989594 0.8 0.7801418304443359 0.5707957957957958 0.0 0.0 0.0 410230 157768 
35 0.006738924445590413 1.785288674691144 1.8415477275848389 0.9989594 0.8 0.7801418304443359 0.5707957957957958 0.0 0.0 0.0 403218 158963 
36 1.5349579266622033 1.0623913961298326 1.0560433864593506 0.54422474 0.20588236 0.21276596188545227 0.48280780780780774 0.3508771929824561 1.0 0.2127659574468085 407212 158966 
37 0.6581381196534101 0.5156574256279889 0.5229507684707642 0.59625393 0.7941176 0.7872340679168701 0.5158408408408408 0.0 0.0 0.0 406231 162946 
38 0.5181198890604908 0.5086525601499221 0.5176013112068176 0.7866805 0.7941176 0.7872340679168701 0.5158408408408408 0.0 0.0 0.0 401106 160357 
39 0.5178913402445731 0.5085350418792052 0.5176080465316772 0.7866805 0.7941176 0.7872340679168701 0.4831081081081081 0.0 0.0 0.0 403278 198949 
2021-01-18 18:24:35 | add fc layer number: 10 fold
epoch train_loss vali_loss test_loss train_acc vali_acc test_acc test_auc test_f1 test_recall test_precision train_time test_time
0 13.613876253211412 0.5574446229373707 0.5549120306968689 0.6524454 0.7882353 0.7872340679168701 0.5712462462462462 0.0 0.0 0.0 862088 203915 
1 1.2898603322044495 2.0850330240586223 2.0863711833953857 0.7180021 0.21176471 0.20921985805034637 0.5687687687687688 0.34604105571847504 0.9833333333333333 0.2099644128113879 452215 200935 
2 0.5556685626574643 5.5154328177956975 5.511838436126709 0.80437046 0.21176471 0.21276596188545227 0.5399024024024024 0.3508771929824561 1.0 0.2127659574468085 459213 181940 
3 0.746229544991142 0.5736178117639879 0.5716949701309204 0.7627471 0.7882353 0.7872340679168701 0.5737237237237236 0.0 0.0 0.0 436813 193074 
4 0.6281092969640609 0.5175297379493713 0.5181424021720886 0.8033299 0.7941176 0.783687949180603 0.5669669669669669 0.0 0.0 0.0 424212 198376 
5 0.5542421643927492 0.5770403504371643 0.5808531045913696 0.8397503 0.7941176 0.783687949180603 0.5850600600600601 0.0 0.0 0.0 439226 201931 
6 0.3668649644047239 0.5933324715670417 0.5938623547554016 0.87096775 0.7882353 0.7872340679168701 0.592042042042042 0.0 0.0 0.0 419213 190939 
7 0.2570381621095089 0.5412138272734249 0.547810435295105 0.917794 0.7882353 0.7872340679168701 0.5734234234234235 0.0 0.0 0.0 415209 194937 
8 0.20868320511140387 2.322823849846335 2.3280811309814453 0.91155046 0.7882353 0.7872340679168701 0.5709084084084084 0.0 0.0 0.0 416214 192951 
9 0.2714805312989654 0.6094873323160059 0.5999630093574524 0.9157128 0.7941176 0.7872340679168701 0.566966966966967 0.03225806451612903 0.016666666666666666 0.5 433202 200956 
10 0.07370438456097297 0.7564566044246449 0.7441560626029968 0.9791883 0.7941176 0.783687949180603 0.5650900900900901 0.0 0.0 0.0 428206 183958 
11 0.014763522862542022 1.044122259757098 1.024294376373291 0.99791884 0.7941176 0.783687949180603 0.5668918918918918 0.0 0.0 0.0 436203 181955 
12 0.003464102467767212 1.2587417027529548 1.2435963153839111 1.0 0.7941176 0.783687949180603 0.5673423423423424 0.0 0.0 0.0 412309 180317 
13 0.0011095274972806643 1.2736853866016165 1.2525759935379028 1.0 0.7941176 0.783687949180603 0.5673423423423423 0.0 0.0 0.0 440206 177957 
14 0.0006854285485557941 1.1280901754603667 1.0924323797225952 1.0 0.7941176 0.783687949180603 0.5696696696696697 0.0 0.0 0.0 425208 175957 
15 0.00046940874161162876 1.3382829974679387 1.3087388277053833 1.0 0.7941176 0.783687949180603 0.5680930930930931 0.0 0.0 0.0 407216 184941 
16 0.00035610401831639 1.3389868343577664 1.3050719499588013 1.0 0.7941176 0.783687949180603 0.5680180180180181 0.0 0.0 0.0 437201 180958 
17 0.000289204702315257 1.4286010672064389 1.39618980884552 1.0 0.7941176 0.783687949180603 0.5681681681681682 0.0 0.0 0.0 415215 181940 
18 0.0002383028662806359 1.3634352249257704 1.3237322568893433 1.0 0.7941176 0.783687949180603 0.5695195195195195 0.0 0.0 0.0 425210 174964 
19 0.00019821987510271153 1.4552322654163137 1.4177484512329102 1.0 0.7941176 0.783687949180603 0.5687312312312311 0.0 0.0 0.0 427275 179964 
20 0.0001676969759799052 1.3797550622154684 1.3351707458496094 1.0 0.7941176 0.783687949180603 0.5701951951951952 0.0 0.0 0.0 426226 180926 
21 0.0001535216653336137 1.5509952068328858 1.5140185356140137 1.0 0.7941176 0.783687949180603 0.5687312312312311 0.0 0.0 0.0 422213 180966 
22 0.00012357814670807505 1.5647342387367698 1.5258898735046387 1.0 0.7941176 0.783687949180603 0.5692942942942942 0.0 0.0 0.0 446198 186228 
23 0.0001099774210565892 1.5835009140126846 1.543473243713379 1.0 0.7941176 0.783687949180603 0.569481981981982 0.0 0.0 0.0 442220 174929 
24 9.301020887149881e-05 1.6106043016209322 1.569900393486023 1.0 0.7941176 0.783687949180603 0.5695195195195195 0.0 0.0 0.0 424210 175961 
25 8.39779296701348e-05 1.6033174150130327 1.5596377849578857 1.0 0.7941176 0.783687949180603 0.570045045045045 0.0 0.0 0.0 424832 180034 
26 7.340935359643973e-05 1.5746925269856173 1.5266766548156738 1.0 0.7941176 0.783687949180603 0.56996996996997 0.0 0.0 0.0 457209 184943 
27 6.905870180689457e-05 1.5954177379608154 1.5465034246444702 1.0 0.7941176 0.783687949180603 0.570045045045045 0.0 0.0 0.0 434207 178960 
28 5.675722438414192e-05 1.6535198520211611 1.6067854166030884 1.0 0.7941176 0.783687949180603 0.5704204204204204 0.0 0.0 0.0 415213 177961 
29 5.2637077235362594e-05 1.6583863594952752 1.6099207401275635 1.0 0.7941176 0.783687949180603 0.57012012012012 0.0 0.0 0.0 420206 175959 
30 4.6026052475291395e-05 1.7153330045587876 1.6690993309020996 1.0 0.7941176 0.783687949180603 0.5701576576576577 0.0 0.0 0.0 420212 180958 
31 4.3091139307002245e-05 1.7331806603599997 1.6862646341323853 1.0 0.7941176 0.783687949180603 0.5701951951951951 0.0 0.0 0.0 428209 174962 
32 3.827301155623191e-05 1.7746150171055513 1.7294492721557617 1.0 0.7941176 0.783687949180603 0.5702702702702702 0.0 0.0 0.0 431206 177944 
33 3.540011352503771e-05 1.7610438122468837 1.7125346660614014 1.0 0.7941176 0.783687949180603 0.5706456456456457 0.0 0.0 0.0 428209 179152 
34 3.084120493502886e-05 1.7421637226553524 1.6899724006652832 1.0 0.7941176 0.783687949180603 0.5707957957957958 0.0 0.0 0.0 421212 176962 
35 2.9145916716939775e-05 1.823175427492927 1.776804804801941 1.0 0.7941176 0.783687949180603 0.5704204204204205 0.0 0.0 0.0 428207 175949 
36 2.6093871548311103e-05 1.8085195050520055 1.758503794670105 1.0 0.7941176 0.783687949180603 0.5708333333333333 0.0 0.0 0.0 417212 175944 
37 2.4258734775192222e-05 1.8574648394304163 1.8108186721801758 1.0 0.7941176 0.783687949180603 0.5705705705705705 0.0 0.0 0.0 427232 180203 
38 2.2475608056614663e-05 1.8560875864589916 1.8073300123214722 1.0 0.7941176 0.783687949180603 0.5705705705705706 0.0 0.0 0.0 419214 181954 
39 2.0454791550715616e-05 1.8551722316180959 1.8038661479949951 1.0 0.7941176 0.783687949180603 0.5705705705705706 0.0 0.0 0.0 415212 174926 
