2021-01-18 16:21:15 | add fc layer number: 1 fold
epoch train_loss vali_loss test_loss train_acc vali_acc test_acc test_auc test_f1 test_recall test_precision train_time test_time
0 17.659446287155152 4.801648022146786 3.2703070640563965 0.634375 0.7941176 0.7879858613014221 0.5 0.0 0.0 0.0 166287 234925 
1 1.8476357370615006 1.9017606370589313 1.8855385780334473 0.659375 0.20588236 0.21201413869857788 0.5133781763826607 0.34985422740524785 1.0 0.21201413427561838 289588 155427 
2 0.6701187004645666 0.7840572185376111 0.8121770024299622 0.72083336 0.7941176 0.7879858613014221 0.5513452914798206 0.0 0.0 0.0 287571 157952 
3 0.49866199990113574 0.5632042632383458 0.5812902450561523 0.82395834 0.7941176 0.7879858613014221 0.5395366218236173 0.0 0.0 0.0 288588 157950 
4 0.32097420940796534 1.0996034678290871 1.1413265466690063 0.896875 0.7941176 0.7879858613014221 0.5634529147982064 0.0 0.0 0.0 291570 155698 
5 0.3498188947637876 1.006419013528263 0.9935129284858704 0.88125 0.24705882 0.22968198359012604 0.5233931240657698 0.3271604938271605 0.8833333333333333 0.20075757575757575 291583 155937 
6 0.1913076048096021 0.9695093828089097 0.9985008835792542 0.9291667 0.7882353 0.7844523191452026 0.5428251121076233 0.0 0.0 0.0 290585 160933 
7 0.03732457098861535 0.6037543984020457 0.6056690216064453 0.990625 0.7823529 0.7773851752281189 0.5361733931240658 0.0 0.0 0.0 305565 162201 
8 0.037367066958298285 0.7015252744450289 0.7057864665985107 0.98854166 0.7823529 0.7809187173843384 0.5312406576980568 0.0 0.0 0.0 287571 155965 
9 0.04674702422538151 0.6252259899588192 0.6116933822631836 0.98541665 0.7470588 0.7703180313110352 0.5282511210762332 0.17721518987341772 0.11666666666666667 0.3684210526315789 295569 158965 
10 0.015257245729056497 1.082296365850112 1.0908794403076172 0.996875 0.7823529 0.7844523191452026 0.5320627802690583 0.0 0.0 0.0 285570 156953 
11 0.02104234184565333 0.6855810880661011 0.6634179949760437 0.9927083 0.69411767 0.7243816256523132 0.5232436472346785 0.2777777777777778 0.25 0.3125 287586 159952 
12 0.11458031644190972 1.5269407174166512 1.5739424228668213 0.97291666 0.7941176 0.7879858613014221 0.5411808669656203 0.0 0.0 0.0 294581 155953 
13 0.028514465099821487 0.775614765812369 0.7684558629989624 0.9895833 0.7823529 0.7809187173843384 0.5375186846038864 0.0 0.0 0.0 313561 156964 
14 0.027515539513357605 0.7036429587532492 0.6965325474739075 0.9895833 0.65882355 0.703180193901062 0.5318385650224215 0.3 0.3 0.3 299570 156950 
15 0.014338826322151969 0.7308826881296494 0.7191798090934753 0.99895835 0.7764706 0.7738515734672546 0.5310164424514201 0.0303030303030303 0.016666666666666666 0.16666666666666666 312577 162948 
16 0.012441603803502706 0.9316902917974136 0.9239355325698853 0.996875 0.7823529 0.7773851752281189 0.5321375186846039 0.0 0.0 0.0 290573 156968 
17 0.5751645706375712 2.6704944302054012 2.7411482334136963 0.95 0.7941176 0.7879858613014221 0.5668161434977579 0.0 0.0 0.0 288570 158966 
18 0.9488455375035604 0.5734378937412711 0.5870242118835449 0.734375 0.7941176 0.7879858613014221 0.542152466367713 0.0 0.0 0.0 287583 156938 
19 0.4502634279274692 0.5999615048660951 0.6149619221687317 0.85520834 0.7941176 0.7879858613014221 0.5482810164424514 0.0 0.0 0.0 285571 153255 
20 0.1346151930047199 0.6550966038423426 0.6392079591751099 0.965625 0.7764706 0.7738515734672546 0.5365470852017937 0.058823529411764705 0.03333333333333333 0.25 283572 160977 
21 1.2493181281102201 0.6284313258002786 0.625575065612793 0.76979166 0.7176471 0.731448769569397 0.5421524663677131 0.2830188679245283 0.25 0.32608695652173914 315562 158976 
22 0.08242717349591354 0.8138349673327278 0.8215065598487854 0.98229164 0.7823529 0.7844523191452026 0.5449925261584454 0.0 0.0 0.0 294567 161948 
23 0.5255636550951749 3.627214013828951 3.2682361602783203 0.9447917 0.7941176 0.7879858613014221 0.5634529147982063 0.0 0.0 0.0 283571 156015 
24 0.41400254319111507 0.6102619455141179 0.6135255694389343 0.85625 0.7823529 0.7809187173843384 0.5432735426008969 0.0 0.0 0.0 286575 156565 
25 0.04081307789310813 0.7606736758176018 0.7585618495941162 0.99583334 0.7823529 0.7809187173843384 0.5460388639760836 0.0 0.0 0.0 286570 156198 
26 0.013332814762058358 1.0696734708898208 1.0748202800750732 0.996875 0.7823529 0.7844523191452026 0.5482062780269059 0.0 0.0 0.0 305566 161976 
27 0.005724044935777784 0.7500221070121317 0.7348014116287231 1.0 0.7823529 0.7773851752281189 0.5470104633781764 0.0 0.0 0.0 287571 156949 
28 0.005206260178238153 1.5397780909257777 1.5684736967086792 0.99791664 0.7823529 0.7844523191452026 0.5552690582959641 0.0 0.0 0.0 309568 167959 
29 0.03793218194429452 1.0128957327674417 1.0003526210784912 0.98645836 0.41764706 0.3957597315311432 0.5334080717488789 0.3448275862068966 0.75 0.22388059701492538 297571 156949 
30 0.018617975508095696 1.7407965898513793 1.7783843278884888 0.99791664 0.7823529 0.7844523191452026 0.5526158445440956 0.0 0.0 0.0 305568 155950 
31 0.010361628435202875 1.7292252421379088 1.762465476989746 0.99583334 0.7823529 0.7844523191452026 0.5521674140508221 0.0 0.0 0.0 290570 155950 
32 0.026257200429972725 1.6263773869065676 1.6488981246948242 0.99583334 0.7823529 0.7844523191452026 0.5473094170403587 0.0 0.0 0.0 282571 154969 
33 0.013315593439619989 2.114135910482968 2.1740009784698486 0.996875 0.7882353 0.7844523191452026 0.555642750373692 0.0 0.0 0.0 289570 158966 
34 0.8403999664180446 0.5285449669641606 0.5388942360877991 0.78333336 0.7941176 0.7879858613014221 0.555829596412556 0.0 0.0 0.0 312559 155953 
35 0.16112721829364698 0.7424158460953656 0.7332444190979004 0.95104164 0.7823529 0.7809187173843384 0.5303437967115097 0.0 0.0 0.0 306564 158951 
36 0.016406147942567863 0.969089065579807 0.9497904777526855 0.9947917 0.7823529 0.7809187173843384 0.5301195814648729 0.0 0.0 0.0 293572 156964 
37 0.01172784788068384 1.6119141915265252 1.6298514604568481 0.99791664 0.7823529 0.7844523191452026 0.5425261584454409 0.0 0.0 0.0 292569 155965 
38 0.012009364388844309 0.7460134197683895 0.7043194770812988 0.996875 0.7647059 0.7773851752281189 0.5313153961136023 0.136986301369863 0.08333333333333333 0.38461538461538464 281572 154963 
39 0.011747505366414165 1.31368549711564 1.2704616785049438 0.996875 0.7823529 0.7809187173843384 0.5363976083707025 0.0 0.0 0.0 291568 176942 
2021-01-18 16:22:29 | add fc layer number: 2 fold
epoch train_loss vali_loss test_loss train_acc vali_acc test_acc test_auc test_f1 test_recall test_precision train_time test_time
0 18.692843535542487 3.157525592691758 3.259104013442993 0.621875 0.80588233 0.7879858613014221 0.4988789237668162 0.0 0.0 0.0 803405 179955 
1 2.984858469168345 0.9290301056469188 0.9287490248680115 0.6927083 0.19411765 0.21201413869857788 0.5759715994020926 0.34985422740524785 1.0 0.21201413427561838 324556 171950 
2 1.4675037254889807 1.1350385771078222 1.2439014911651611 0.678125 0.80588233 0.7879858613014221 0.5361733931240658 0.0 0.0 0.0 288586 159951 
3 1.6361448476711908 0.5246354772764094 0.5483940243721008 0.684375 0.80588233 0.7809187173843384 0.5667414050822123 0.0 0.0 0.0 291584 156330 
4 0.6426212211449941 0.6176537022871129 0.6735759973526001 0.746875 0.80588233 0.7879858613014221 0.5680866965620328 0.0 0.0 0.0 286573 156962 
5 0.22699194215238094 0.5132699230137994 0.5435839295387268 0.91979164 0.7941176 0.7773851752281189 0.5715246636771301 0.03076923076923077 0.016666666666666666 0.2 285576 155963 
6 0.43454308398067953 0.868932618113125 0.9448978900909424 0.83020836 0.80588233 0.7844523191452026 0.5698056801195814 0.0 0.0 0.0 292569 155950 
7 0.14208976527055103 0.5187392410110024 0.5622365474700928 0.95208335 0.8 0.7773851752281189 0.5782511210762332 0.0 0.0 0.0 305567 167516 
8 0.06940575285504262 0.8219996389220743 0.895756185054779 0.984375 0.8 0.7809187173843384 0.5790732436472348 0.0 0.0 0.0 275579 154963 
9 0.030544644687324762 0.7230905532836914 0.7890734076499939 0.9947917 0.8 0.7773851752281189 0.577354260089686 0.0 0.0 0.0 288573 155956 
10 0.028477196643749873 0.943000852360445 1.0250933170318604 0.9927083 0.8 0.7809187173843384 0.5809417040358744 0.0 0.0 0.0 295570 156949 
11 0.01759686927932004 0.6355237932766185 0.694348156452179 0.996875 0.8 0.7773851752281189 0.5807922272047832 0.0 0.0 0.0 291571 151967 
12 0.013574319782977302 0.5682642459869385 0.6207600831985474 0.99791664 0.8 0.7809187173843384 0.5823617339312407 0.03125 0.016666666666666666 0.25 282571 153950 
13 0.017554120308098695 1.0583954797071569 1.1466070413589478 0.996875 0.8 0.7773851752281189 0.5805680119581464 0.0 0.0 0.0 284591 155886 
14 0.018935018149204553 1.4735372073510113 1.5964089632034302 0.996875 0.8 0.7773851752281189 0.5799701046337817 0.0 0.0 0.0 292569 154968 
15 0.024880294191340604 1.3960867447011611 1.5126465559005737 0.996875 0.8 0.7773851752281189 0.5814648729446936 0.0 0.0 0.0 286569 156634 
16 0.009315748466178775 0.7755905551068923 0.8445597887039185 0.99895835 0.8 0.7773851752281189 0.5816143497757847 0.0 0.0 0.0 297500 157952 
17 0.009696041798451915 1.576118498689988 1.7029587030410767 0.99791664 0.8 0.7773851752281189 0.5811659192825112 0.0 0.0 0.0 288588 155950 
18 0.016427538557521378 1.2450102518586552 1.3476284742355347 0.996875 0.8 0.7773851752281189 0.5842301943198804 0.0 0.0 0.0 286588 158429 
19 0.01048009739315603 1.6546004421570721 1.7889639139175415 0.99791664 0.8 0.7773851752281189 0.5857249626307921 0.0 0.0 0.0 296568 155952 
20 0.024990616994909943 1.316176828917335 1.42717444896698 0.99791664 0.8 0.7773851752281189 0.5863228699551569 0.0 0.0 0.0 346553 165946 
21 0.010596783195311824 1.287860887190875 1.3932656049728394 0.996875 0.8 0.7773851752281189 0.5887892376681614 0.0 0.0 0.0 286588 156960 
22 0.004574046572088264 1.404764272184933 1.5150800943374634 0.99895835 0.8 0.7773851752281189 0.5884155455904334 0.0 0.0 0.0 284572 155952 
23 0.0028868229671691853 0.7069740940542782 0.7650592923164368 1.0 0.8 0.7809187173843384 0.5880418535127055 0.03125 0.016666666666666666 0.25 288584 154728 
24 0.001526633666556639 1.2642577493891995 1.3618367910385132 1.0 0.8 0.7773851752281189 0.5872944693572496 0.0 0.0 0.0 294567 161949 
25 0.001041771805709383 0.8040837596444522 0.868412435054779 1.0 0.8 0.7773851752281189 0.5878176382660687 0.0 0.0 0.0 284571 158951 
26 0.0008377084683161229 0.8655570675345028 0.9344488978385925 1.0 0.8 0.7773851752281189 0.5881165919282512 0.0 0.0 0.0 283572 154949 
27 0.0007938302364588405 0.9494879834792194 1.023963451385498 1.0 0.8 0.7773851752281189 0.5880418535127055 0.0 0.0 0.0 275579 156950 
28 0.0006602743727853521 1.2123540934394388 1.3054507970809937 1.0 0.8 0.7773851752281189 0.5875186846038865 0.0 0.0 0.0 286571 159963 
29 0.0007136065270363664 1.2012092379962698 1.2936270236968994 1.0 0.8 0.7773851752281189 0.5878923766816143 0.0 0.0 0.0 303566 173942 
30 0.0006699413667471769 1.3937815568026375 1.499604344367981 1.0 0.8 0.7773851752281189 0.5882660687593423 0.0 0.0 0.0 287574 232926 
31 0.0006929414293457133 1.2922969285179586 1.3906878232955933 1.0 0.8 0.7773851752281189 0.5883408071748879 0.0 0.0 0.0 293569 156962 
32 0.00039003333173847444 1.009165059818941 1.086840033531189 1.0 0.8 0.7773851752281189 0.5899103139013454 0.0 0.0 0.0 285570 156965 
33 0.0003585657512303442 1.0482318639755248 1.128637433052063 1.0 0.8 0.7773851752281189 0.5891629297458895 0.0 0.0 0.0 286572 158951 
34 0.0003848168504191563 0.9968733394847197 1.0733741521835327 1.0 0.8 0.7773851752281189 0.589237668161435 0.0 0.0 0.0 308567 154951 
35 0.0003901689080521464 1.081657265214359 1.1638966798782349 1.0 0.8 0.7773851752281189 0.589237668161435 0.0 0.0 0.0 281591 157966 
36 0.00033016485928480204 1.2070639834684485 1.2982813119888306 1.0 0.8 0.7773851752281189 0.5885650224215246 0.0 0.0 0.0 278575 155964 
37 0.0002977072334033437 1.0437366064857034 1.123118281364441 1.0 0.8 0.7773851752281189 0.5893124065769806 0.0 0.0 0.0 331560 170946 
38 0.0003056263420148753 1.1482982158660888 1.235018253326416 1.0 0.8 0.7773851752281189 0.5893871449925262 0.0 0.0 0.0 280574 155969 
39 0.0002837317462156837 1.1082029538996079 1.1918758153915405 1.0 0.8 0.7773851752281189 0.5897608370702542 0.0 0.0 0.0 294569 176944 
2021-01-18 16:23:47 | add fc layer number: 3 fold
epoch train_loss vali_loss test_loss train_acc vali_acc test_acc test_auc test_f1 test_recall test_precision train_time test_time
0 19.691345077753066 2.019821683098288 2.3825531005859375 0.659375 0.81764704 0.7844523191452026 0.5243317087579382 0.0 0.0 0.0 758423 193940 
1 1.4827128579219182 1.0516568127800436 1.0348682403564453 0.665625 0.18235295 0.21554769575595856 0.515359621916999 0.3546511627906977 1.0 0.21554770318021202 280590 153969 
2 1.0056146333614986 0.7478896144558401 0.882877767086029 0.6927083 0.81764704 0.7844523191452026 0.513328902673165 0.0 0.0 0.0 283572 155967 
3 1.0123725240429242 0.8872723519802094 1.0510259866714478 0.73020834 0.81764704 0.7844523191452026 0.5356668143553388 0.0 0.0 0.0 284569 159962 
4 0.34785886357227963 0.4757431976935443 0.5416759252548218 0.853125 0.81764704 0.7703180313110352 0.5503618372470831 0.0 0.0 0.0 321576 169843 
5 0.4750243144730727 0.568598302672891 0.6104028820991516 0.83958334 0.80588233 0.7455830574035645 0.5587062472308374 0.1 0.06557377049180328 0.21052631578947367 294583 157128 
6 0.27298081703484056 2.4161567786160636 2.840787172317505 0.909375 0.81764704 0.7844523191452026 0.5556047851129817 0.0 0.0 0.0 284572 155964 
7 0.5293843723833561 0.669678575852338 0.7082414031028748 0.884375 0.57058823 0.5901060104370117 0.5759119775513218 0.3626373626373626 0.5409836065573771 0.2727272727272727 290570 156965 
8 0.3630253044267496 0.49659681039697984 0.5675051212310791 0.853125 0.80588233 0.7561837434768677 0.5755427558706248 0.028169014084507043 0.01639344262295082 0.1 279573 155350 
9 0.37507842518389223 1.4598008885103113 1.4107298851013184 0.8989583 0.18235295 0.21554769575595856 0.49822773593265396 0.3546511627906977 1.0 0.21554770318021202 282587 156936 
10 0.2290424185494582 0.5302421352442573 0.6816607117652893 0.89375 0.81764704 0.7703180313110352 0.5675675675675675 0.0 0.0 0.0 290570 155722 
11 0.02337786922386537 0.5959267893258263 0.7831673622131348 0.99583334 0.81764704 0.7703180313110352 0.5717766947275144 0.0 0.0 0.0 284571 155481 
12 0.1853747307943801 5.6294155176948095 3.324812173843384 0.9604167 0.81764704 0.7844523191452026 0.5 0.0 0.0 0.0 340586 167950 
13 1.7868932118018468 1.0034831369624417 0.9894967675209045 0.70416665 0.18235295 0.21554769575595856 0.5574508935164673 0.3546511627906977 1.0 0.21554770318021202 300581 161949 
14 0.2994058941801389 0.663930557755863 0.7850961089134216 0.865625 0.81764704 0.7773851752281189 0.5791611283414562 0.0 0.0 0.0 295582 155965 
15 0.05957333516950409 1.1194258816101972 1.3249551057815552 0.98854166 0.81764704 0.7738515734672546 0.5835179441736819 0.0 0.0 0.0 294567 157949 
16 0.026224681929064294 1.3083194382050458 1.5450289249420166 0.9927083 0.81764704 0.7844523191452026 0.5818564466105449 0.0 0.0 0.0 320576 167947 
17 0.027932623750530183 0.49830323983641234 0.6711699962615967 0.99791664 0.81764704 0.7526502013206482 0.5897208684093931 0.07894736842105264 0.04918032786885246 0.2 300585 152926 
18 0.02654947345921149 1.1405881804578444 1.3679790496826172 0.9947917 0.81764704 0.7703180313110352 0.5816718357701964 0.0 0.0 0.0 286587 156949 
19 0.023100210978494337 0.881312730031855 1.1047393083572388 0.996875 0.81764704 0.7703180313110352 0.5913454438044602 0.0 0.0 0.0 288569 295918 
20 0.024985384262011696 0.8863773535279666 1.1019726991653442 0.9916667 0.81764704 0.7703180313110352 0.5888347363757199 0.0 0.0 0.0 321576 159950 
21 0.022409188619349152 0.979648695973789 1.202977180480957 0.9947917 0.81764704 0.7703180313110352 0.5915669768128785 0.0 0.0 0.0 297581 155950 
22 0.9922714276646729 0.4726540025542764 0.5309326648712158 0.76145834 0.81764704 0.7844523191452026 0.5790134396691774 0.0 0.0 0.0 286585 159046 
23 0.20253949761390685 0.46604714148184834 0.562362790107727 0.9145833 0.81764704 0.7703180313110352 0.5829271894845665 0.0 0.0 0.0 295569 154949 
24 0.07393021698420246 3.7374274422140683 3.669877052307129 0.9760417 0.18235295 0.21554769575595856 0.5920838871658544 0.3546511627906977 1.0 0.21554770318021202 280573 155964 
25 1.0802599012851715 0.5086248324197882 0.5838077068328857 0.7375 0.81764704 0.7844523191452026 0.5601831339536256 0.0 0.0 0.0 302570 153950 
26 0.4013286376992861 0.471380831564174 0.5263245105743408 0.7875 0.81764704 0.7844523191452026 0.5754689115344853 0.0 0.0 0.0 279570 155963 
27 0.18751444394389788 0.4885021767195533 0.5846192836761475 0.940625 0.81764704 0.7703180313110352 0.5762811992320189 0.0 0.0 0.0 289571 158630 
28 0.04441356003905336 0.5039266312823576 0.6304259896278381 0.99375 0.7941176 0.7455830574035645 0.5745827795008122 0.14285714285714285 0.09836065573770492 0.2608695652173913 287570 155950 
29 0.028089359402656555 1.0368418931961059 1.2429614067077637 0.9927083 0.81764704 0.7703180313110352 0.5715551617190961 0.0 0.0 0.0 286571 156952 
30 0.01627694075383867 0.8947853817659266 1.1061687469482422 0.99583334 0.81764704 0.7703180313110352 0.5736966474671393 0.0 0.0 0.0 281573 156715 
31 0.010464670055080205 1.1718321435591754 1.4201990365982056 0.99791664 0.81764704 0.7703180313110352 0.5699305863240289 0.0 0.0 0.0 310562 156964 
32 0.019606219026415298 1.1972097179468941 1.4523851871490479 0.99375 0.81764704 0.7703180313110352 0.5724043715846994 0.0 0.0 0.0 288571 153964 
33 0.017021200811723248 1.0430795164669262 1.289968729019165 0.996875 0.81764704 0.7703180313110352 0.5739920248116969 0.0 0.0 0.0 283587 156934 
34 0.010676010350774352 1.1392321137820973 1.3910176753997803 0.99791664 0.81764704 0.7703180313110352 0.5714074730468173 0.0 0.0 0.0 283576 156950 
35 0.0077351833053398876 1.2473411132307615 1.4890341758728027 0.99791664 0.81764704 0.7703180313110352 0.5702259636685866 0.0 0.0 0.0 298566 154957 
36 0.012745938426814974 1.4500591902171864 1.7187186479568481 0.996875 0.81764704 0.7809187173843384 0.5678260227440555 0.0 0.0 0.0 296568 156801 
37 1.067444117475922 0.47391057645573337 0.5223348736763 0.7604167 0.81764704 0.7844523191452026 0.5750996898537882 0.0 0.0 0.0 280591 156950 
38 0.39632066488265993 0.6761418672168956 0.7943148612976074 0.8197917 0.81764704 0.7844523191452026 0.5772411756018313 0.0 0.0 0.0 290599 155821 
39 0.2845437837143739 0.7736678635372835 0.911255419254303 0.8854167 0.81764704 0.7844523191452026 0.5793826613498745 0.0 0.0 0.0 286601 175944 
2021-01-18 16:25:04 | add fc layer number: 4 fold
epoch train_loss vali_loss test_loss train_acc vali_acc test_acc test_auc test_f1 test_recall test_precision train_time test_time
0 16.45344837117311 1.6549227069405947 1.7586978673934937 0.67117584 0.8 0.7872340679168701 0.5332582582582582 0.0 0.0 0.0 787414 178942 
1 2.7378582911280978 2.1244719982147218 2.2525429725646973 0.6399584 0.8 0.7872340679168701 0.5616741741741741 0.0 0.0 0.0 372990 155950 
2 0.9816064732158934 0.542850898995119 0.5376003384590149 0.7450572 0.7941176 0.7801418304443359 0.638063063063063 0.03125 0.016666666666666666 0.25 346568 157950 
3 1.0617401968720723 1.0326157527811386 1.0835236310958862 0.7502602 0.8 0.7872340679168701 0.6076576576576576 0.0 0.0 0.0 355566 155362 
4 0.4827522118028319 0.8929306451012107 0.9337519407272339 0.7835588 0.8 0.7872340679168701 0.6171171171171171 0.0 0.0 0.0 347550 159950 
5 0.15234930697405996 0.8975921518662396 0.9384419322013855 0.9583767 0.8 0.7872340679168701 0.6182432432432432 0.0 0.0 0.0 367546 159863 
6 0.13554988617298427 0.7180914317860323 0.706519603729248 0.96045786 0.58235294 0.5709219574928284 0.6378378378378379 0.38578680203045684 0.6333333333333333 0.2773722627737226 352548 155950 
7 0.07550100000666282 0.6823536564322079 0.707452654838562 0.9833507 0.7941176 0.7730496525764465 0.6231981981981982 0.0 0.0 0.0 360547 154970 
8 0.3410264734298952 1.0972916897605447 1.157818078994751 0.8563996 0.7941176 0.7801418304443359 0.596921921921922 0.0 0.0 0.0 363543 155411 
9 0.14051161890095498 0.8117634703131283 0.854364275932312 0.9469303 0.7941176 0.7730496525764465 0.6043543543543544 0.0 0.0 0.0 380553 171945 
10 0.024629894228270287 0.6938967606600593 0.7342749238014221 0.9947971 0.7941176 0.7730496525764465 0.6092342342342343 0.0 0.0 0.0 361549 156962 
11 0.013042172830858104 0.680500285765704 0.7218177318572998 0.9989594 0.7941176 0.7730496525764465 0.6108108108108108 0.0 0.0 0.0 348550 156815 
12 0.020962283299505637 1.053798259005827 1.1133623123168945 0.99375653 0.7941176 0.7730496525764465 0.6078078078078077 0.0 0.0 0.0 364563 156950 
13 0.012599734131761164 1.4364374357111314 1.5129754543304443 0.9947971 0.7941176 0.7765957713127136 0.602852852852853 0.0 0.0 0.0 352560 156949 
14 0.02386564650339279 0.8120294066036449 0.8658512234687805 0.99687827 0.7941176 0.7730496525764465 0.6126126126126127 0.0 0.0 0.0 356566 156354 
15 0.05885487526245624 1.8899138675016516 1.9867876768112183 0.9791883 0.8 0.7872340679168701 0.598948948948949 0.0 0.0 0.0 364546 157964 
16 1.3480065498311116 3.5506406391368195 3.4954941272735596 0.7741935 0.2 0.21276596188545227 0.6273273273273273 0.3508771929824561 1.0 0.2127659574468085 351550 304903 
17 0.6265585058536278 0.8427095132715562 0.9194984436035156 0.8231009 0.7941176 0.7730496525764465 0.6028528528528528 0.0 0.0 0.0 364544 159950 
18 0.027706841949713464 2.291802263259888 2.4259490966796875 0.9916753 0.8 0.7872340679168701 0.5975225225225225 0.0 0.0 0.0 377560 161947 
19 0.9928122467664725 0.5038860054577098 0.5236450433731079 0.73985434 0.7941176 0.7730496525764465 0.6000000000000001 0.0 0.0 0.0 355566 156950 
20 0.06104022641165472 1.6612260229447309 1.805981993675232 0.9833507 0.7941176 0.7730496525764465 0.591478978978979 0.0 0.0 0.0 358550 156968 
21 1.6784417933863747 3.3590959324556238 3.2736735343933105 0.76170653 0.8 0.7872340679168701 0.5367117117117118 0.0 0.0 0.0 346551 154967 
22 0.8097105899536895 1.4336589785183178 1.4231572151184082 0.75130075 0.2 0.21276596188545227 0.6225975975975976 0.34705882352941175 0.9833333333333333 0.21071428571428572 356548 155674 
23 0.22120854613186092 0.8388585062587962 0.8969517946243286 0.90738815 0.8 0.7765957713127136 0.5993993993993993 0.0 0.0 0.0 353562 155956 
24 0.03281093669258655 0.7058724249110503 0.7662011384963989 0.9947971 0.7941176 0.7730496525764465 0.6067567567567569 0.0 0.0 0.0 359563 154936 
25 0.018563516428679594 1.0639707088470458 1.1421432495117188 0.99791884 0.7941176 0.7765957713127136 0.6057057057057057 0.0 0.0 0.0 367557 155949 
26 0.008361227758983616 1.1474108639885396 1.2317373752593994 0.99791884 0.7941176 0.7730496525764465 0.6055555555555555 0.0 0.0 0.0 348566 158948 
27 0.01244402271341707 1.4726228854235481 1.5728716850280762 0.9958377 0.8 0.7765957713127136 0.602027027027027 0.0 0.0 0.0 375539 165964 
28 0.00708942419239352 1.0017947112812715 1.0850633382797241 0.9989594 0.7941176 0.7730496525764465 0.6122372372372372 0.0 0.0 0.0 377559 155949 
29 0.012771603786536762 0.7029724906472599 0.7792903184890747 0.99791884 0.8 0.7730496525764465 0.6167417417417417 0.0 0.0 0.0 355546 155951 
30 0.008153478284516642 0.5968701264437507 0.6695558428764343 0.99791884 0.7705882 0.7553191781044006 0.6189939939939939 0.2736842105263158 0.21666666666666667 0.37142857142857144 358581 154938 
31 0.015363348879753035 1.166181037005256 1.270079255104065 0.9958377 0.7941176 0.7730496525764465 0.6106981981981981 0.0 0.0 0.0 350563 159939 
32 0.01950297289767567 0.6935802038978128 0.7558384537696838 0.99687827 0.8 0.7765957713127136 0.6184684684684685 0.03076923076923077 0.016666666666666666 0.2 355565 155919 
33 0.025321259623651202 2.0108020726372215 2.1280550956726074 0.99375653 0.8 0.783687949180603 0.5995120120120119 0.0 0.0 0.0 346553 159974 
34 0.714763964844226 0.7776746469385484 0.8201785087585449 0.8314256 0.8 0.7765957713127136 0.6162912912912913 0.0 0.0 0.0 356563 156951 
35 0.042466421378049596 1.166138066964991 1.2324016094207764 0.99375653 0.8 0.7765957713127136 0.617042042042042 0.0 0.0 0.0 358548 156965 
36 0.029770173736301354 1.3933987477246452 1.4714373350143433 0.9927159 0.8 0.7801418304443359 0.6130630630630631 0.0 0.0 0.0 355563 155953 
37 0.012470970285957549 0.9541308809729183 1.0234380960464478 0.99791884 0.7941176 0.7730496525764465 0.6276276276276276 0.0 0.0 0.0 368560 156948 
38 0.00247923880364866 0.8823861598968505 0.943044900894165 1.0 0.7941176 0.7730496525764465 0.6291291291291292 0.0 0.0 0.0 354548 159965 
39 0.0014429221170325448 0.6496190646115472 0.7023413777351379 1.0 0.7882353 0.7695035338401794 0.6328078078078078 0.029850746268656716 0.016666666666666666 0.14285714285714285 384557 172942 
2021-01-18 16:26:22 | add fc layer number: 5 fold
epoch train_loss vali_loss test_loss train_acc vali_acc test_acc test_auc test_f1 test_recall test_precision train_time test_time
0 19.02495643127473 6.646106585334329 3.2819039821624756 0.64203954 0.7882353 0.7872340679168701 0.5 0.0 0.0 0.0 788410 179943 
1 3.7072094487846208 0.9145240678506739 0.9222831130027771 0.71488035 0.7882353 0.7872340679168701 0.5403903903903904 0.0 0.0 0.0 374543 155963 
2 0.6038014649953325 1.0829640416538013 1.0920075178146362 0.7752341 0.7882353 0.7872340679168701 0.5356606606606608 0.0 0.0 0.0 376559 166878 
3 0.4128200587943491 0.9857635154443629 0.9977739453315735 0.8085328 0.7882353 0.7872340679168701 0.5413663663663664 0.0 0.0 0.0 376546 163113 
4 0.3662937300262292 0.6149346253451179 0.6260605454444885 0.8480749 0.7882353 0.783687949180603 0.5493243243243243 0.0 0.0 0.0 348552 156950 
5 0.1578156092241949 0.5934508947765126 0.6109534502029419 0.950052 0.7235294 0.6914893388748169 0.5680930930930931 0.18691588785046728 0.16666666666666666 0.2127659574468085 346555 154960 
6 0.325085870251565 1.7734611735624426 1.7819468975067139 0.8688866 0.7882353 0.7872340679168701 0.5249249249249249 0.0 0.0 0.0 352554 154963 
7 0.10357239559432346 0.7687587443520041 0.7690562009811401 0.9698231 0.7882353 0.783687949180603 0.5587837837837838 0.0 0.0 0.0 345552 154950 
8 0.04091855099000246 0.5460368605221019 0.5567722916603088 0.98959416 0.8 0.7730496525764465 0.5590090090090091 0.0 0.0 0.0 367548 156963 
9 0.05087679772832577 0.6727535247802734 0.701722264289856 0.9885536 0.6117647 0.5709219574928284 0.5626126126126126 0.3163841807909604 0.4666666666666667 0.23931623931623933 359562 165946 
10 0.09859063177060386 3.3180463426253377 3.345775604248047 0.975026 0.21176471 0.21276596188545227 0.5605105105105105 0.3508771929824561 1.0 0.2127659574468085 349555 155963 
11 0.1617328239188776 1.3096894895329194 1.3166778087615967 0.93132156 0.7882353 0.783687949180603 0.5577327327327327 0.0 0.0 0.0 352551 154952 
12 0.0214669903171899 0.5780468863599441 0.6034396886825562 0.9958377 0.8 0.7730496525764465 0.56509009009009 0.058823529411764705 0.03333333333333333 0.25 350552 160962 
13 0.025984777533082783 1.9213937885621015 1.9332119226455688 0.9927159 0.7882353 0.783687949180603 0.5498498498498499 0.0 0.0 0.0 361549 158962 
14 0.5271716494119022 0.5357061989167158 0.537013828754425 0.88345474 0.7882353 0.783687949180603 0.5502252252252252 0.0 0.0 0.0 349554 154964 
15 0.1305600905589424 2.093179535865784 2.0928428173065186 0.96149844 0.7882353 0.7872340679168701 0.5361861861861862 0.0 0.0 0.0 350549 160949 
16 0.8075389677957165 1.564458070081823 1.5632498264312744 0.80957335 0.20588236 0.21631205081939697 0.5541291291291291 0.34808259587020646 0.9833333333333333 0.2114695340501792 347552 160085 
17 0.2073459290064928 6.597625681933235 6.614204406738281 0.94380856 0.21176471 0.21276596188545227 0.5570945945945945 0.3508771929824561 1.0 0.2127659574468085 391324 167946 
18 0.7540895434466659 0.9274349093437195 0.9416130781173706 0.8397503 0.7882353 0.783687949180603 0.5234234234234234 0.0 0.0 0.0 371547 157967 
19 2.4269248574631024 0.6571858188685249 0.6608346700668335 0.71904266 0.7882353 0.7872340679168701 0.4836336336336336 0.0 0.0 0.0 354548 155963 
20 0.6297848011899069 2.919210293713738 2.9258182048797607 0.77315295 0.21176471 0.21276596188545227 0.547972972972973 0.3508771929824561 1.0 0.2127659574468085 359547 155967 
21 0.9918860586197286 0.8280052149997038 0.8326513767242432 0.71488035 0.7882353 0.7872340679168701 0.4948198198198199 0.0 0.0 0.0 352551 155950 
22 0.2396240189814946 0.7862510456758387 0.7986153960227966 0.930281 0.7882353 0.783687949180603 0.5242492492492492 0.0 0.0 0.0 355549 155966 
23 0.03157094147193956 0.8932507963741527 0.9168826937675476 0.99375653 0.7882353 0.783687949180603 0.526951951951952 0.0 0.0 0.0 354549 161346 
24 0.020104095525845776 0.7508442598230699 0.7809213399887085 0.9947971 0.7882353 0.783687949180603 0.524024024024024 0.0 0.0 0.0 355549 157964 
25 0.050180586838210924 0.8675134462468764 0.8903141021728516 0.987513 0.45294118 0.4609929025173187 0.5284534534534534 0.3090909090909091 0.5666666666666667 0.2125 356546 156951 
26 0.027626490301061176 0.6389594975639792 0.6762822866439819 0.99687827 0.80588233 0.7730496525764465 0.5201201201201201 0.0 0.0 0.0 361546 306920 
27 0.036329722732623394 0.9095105858410106 0.9616366028785706 0.9916753 0.7882353 0.783687949180603 0.5185435435435436 0.0 0.0 0.0 357563 154952 
28 0.09267339629988364 2.1895569128148695 2.2061774730682373 0.9708637 0.7882353 0.7872340679168701 0.47267267267267266 0.0 0.0 0.0 373543 156962 
29 1.0040769528958104 0.5634236938813153 0.5681689381599426 0.7419355 0.7882353 0.7872340679168701 0.47492492492492494 0.0 0.0 0.0 376561 161935 
30 0.18671579831488175 0.7876650789204765 0.8119587898254395 0.93236214 0.7882353 0.783687949180603 0.49527027027027026 0.0 0.0 0.0 348565 155951 
31 0.024878845789128648 0.7874657869338989 0.843271017074585 0.99687827 0.7882353 0.783687949180603 0.5052552552552552 0.0 0.0 0.0 355553 157513 
32 0.016948342464552197 0.9690239050809075 1.0289617776870728 0.9947971 0.7882353 0.783687949180603 0.4935435435435436 0.0 0.0 0.0 388557 171945 
33 0.035224561811144715 1.4208277113297407 1.442272663116455 0.98959416 0.7882353 0.7872340679168701 0.4722222222222222 0.0 0.0 0.0 346568 160948 
34 0.33838420695044746 0.7149023042005651 0.7432913184165955 0.87825185 0.7882353 0.783687949180603 0.4852102102102102 0.0 0.0 0.0 356770 154951 
35 0.013858495270455417 0.6101321234422572 0.6752768158912659 0.99687827 0.7941176 0.7765957713127136 0.4955705705705705 0.0 0.0 0.0 352567 155926 
36 0.015218621709924883 1.7646229449440451 1.8108267784118652 0.9958377 0.7882353 0.783687949180603 0.47203453453453453 0.0 0.0 0.0 340571 155949 
37 0.5167465566436524 0.5149312398012946 0.5364606380462646 0.8844953 0.7882353 0.783687949180603 0.47454954954954953 0.0 0.0 0.0 345567 157655 
38 0.12234011031861701 0.6024298892301672 0.6591720581054688 0.9583767 0.7882353 0.783687949180603 0.4709459459459459 0.0 0.0 0.0 351568 155465 
39 0.010031252028247943 1.3398307351505054 1.4124811887741089 0.99791884 0.7882353 0.783687949180603 0.46824324324324323 0.0 0.0 0.0 361564 175943 
